0,-1291.3294224731137, -1291.3294224731137
1,-1817.187709815049, -1554.2585661440812
2,-1091.080277920236, -1399.8658034027994
3,-1236.1768923844245, -1358.9435756482058
4,-986.344823363829, -1284.4238251913305
5,-1414.2677923992212, -1306.0644863926457
6,-1271.5403477322172, -1301.132466584013
7,-1422.3293500733473, -1316.2820770201797
8,-1646.5049215743788, -1352.9735041928684
9,-1537.4339568972716, -1371.4195494633088
10,-1136.8475101198703, -1350.0948186139053
11,-1599.8704352980626, -1370.9094533375853
12,-1245.9719569035794, -1361.2988766888157
13,-1765.0223081426964, -1390.1362646498071
14,-1236.7971210287421, -1379.9136550750695
15,-1162.5988244115974, -1366.3314781586023
16,-1234.1808257946154, -1358.5579103724854
17,-1529.8835560354778, -1368.0760017982072
18,-1154.0554549557112, -1356.8117624907075
19,-1454.7155787018978, -1361.7069533012668
20,-1061.2229492855013, -1347.398191205278
21,-1395.4511901112703, -1349.5824184282776
22,-962.4256326507971, -1332.749514698822
23,-971.0802795978499, -1317.6799632362818
24,-1205.1347192028493, -1313.1781534749443
25,-807.8572554561711, -1293.742734320376
26,-1233.2327660989047, -1291.5016243862474
27,-869.1558661301736, -1276.4178473056734
28,-1043.0564661715239, -1268.370903128634
29,-1510.5220563603696, -1276.4426082363584
30,-894.5389786424241, -1264.1231363139736
31,-1136.4193259528495, -1260.1323922401884
32,-1089.3121237667863, -1254.9560204682673
33,-1044.0011273564912, -1248.751464788509
34,-1382.8955378176597, -1252.584152589342
35,-971.2888762465944, -1244.7703949131546
36,-1657.2766784872363, -1255.9192133881297
37,-505.9129129914284, -1236.1822054829533
38,-576.4235842504796, -1219.2653177590437
39,-1093.1751667042508, -1216.1130639826738
40,-1163.8199077526094, -1214.8376211477942
41,-978.6485870568711, -1209.214072717058
42,-1230.4763550669884, -1209.7085443996145
43,-1220.856447487302, -1209.9619058334256
44,-506.44222729124766, -1194.328135199155
45,-863.9757135282832, -1187.1465608150058
46,-634.015260855346, -1175.3778097520342
47,-1258.2582368345502, -1177.1044853162532
48,-1375.7889688508944, -1181.1592706945112
49,-505.75914929361153, -1167.6512682664934
50,-1496.4555720585386, -1174.098411478102
51,-1475.8912456437354, -1179.902119827441
52,-1235.179922930904, -1180.9450972444877
53,-804.9584189384931, -1173.9823809795616
54,-876.9217172411129, -1168.581278002499
55,-763.4321871847588, -1161.346472809325
56,-990.2662136512886, -1158.3450647539207
57,-876.7448407593077, -1153.4898884781514
58,-1466.8023090330673, -1158.8002684875569
59,-1170.0591742182364, -1158.9879169164014
60,-857.5718202035264, -1154.046669429305
61,-765.7660743828731, -1147.7840791866206
62,-766.2880227708578, -1141.72858622764
63,-913.6638603516709, -1138.1650748858285
64,-987.724498319603, -1135.8506044771173
65,-759.4732884558024, -1130.1479178707339
66,-849.1356099441861, -1125.9537043195912
67,-631.3566344829248, -1118.680217998464
68,-628.1240063905477, -1111.5707076853057
69,-1499.3011359208165, -1117.1097138029559
70,-930.962228187194, -1114.487918230903
71,-636.1658791902173, -1107.8445565775598
72,-1011.6901250223866, -1106.5273725836535
73,-913.5452112813222, -1103.9195055390273
74,-378.97184446511346, -1094.2535367247083
75,-1168.2972538387992, -1095.2277961604202
76,-1289.863402992746, -1097.7555313140867
77,-505.4830121942097, -1090.162293889473
78,-927.8047134926878, -1088.107134643944
79,-1040.0124298787994, -1087.5059508343797
80,-506.80274696362085, -1080.3367754779506
81,-484.6536712856256, -1073.0723473780442
82,-1037.5322722958447, -1072.6441537023552
83,-364.26191355416864, -1064.2110317958293
84,-362.87606921914386, -1055.9600322361036
85,-1145.4900998729693, -1057.0010795342066
86,-246.65493755498494, -1047.686756063181
87,-125.12542842856068, -1037.2031046127875
88,-1221.373473460249, -1039.2724345998377
89,-245.89118511067383, -1030.4570873832913
90,-1379.0336550125078, -1034.2875991154804
91,-1221.5887400877825, -1036.3234810825707
92,-363.121061524639, -1029.0847453883994
93,-894.822782596035, -1027.656426635289
94,-730.696591368227, -1024.5305336324777
95,-489.4008991050008, -1018.9562666061502
96,-125.60040285245515, -1009.7464123406482
97,-606.2095347614276, -1005.6286891000439
98,-124.15840588273313, -996.7249488655256
99,-126.292504793239, -988.0206244248027
100,-1533.3415237115719, -990.4407454371872
101,-473.56836480774473, -977.0045519871139
102,-121.55852591657246, -967.3093344670774
103,-1170.1413729338701, -966.6489792725719
104,-486.8096809261351, -961.6536278481949
105,-902.6525812113607, -956.5374757363163
106,-1050.9640491470466, -954.3317127504647
107,-361.57884189911687, -943.7242076687223
108,-892.2526339191801, -936.1816847921705
109,-123.85877591593255, -922.045932982357
110,-503.67505693200224, -915.7142084504783
111,-603.2624264879037, -905.7481283623767
112,-124.66133547427337, -894.5350221480835
113,-124.50986127421213, -878.1298976793988
114,-906.0821723527549, -874.822748192639
115,-124.97897752800091, -864.4465497238031
116,-126.03281572735729, -853.3650696231306
117,-124.17129882757808, -839.3079470510515
118,-242.17463161041908, -830.1891388175987
119,-1.470719281951486, -815.6566902233993
120,-598.117248060625, -811.0256332111504
121,-124.50136222041156, -798.3161349322419
122,-729.2417378108462, -795.9842959838423
123,-366.26610577551827, -789.9361542456192
124,-248.48098251617242, -780.3696168787523
125,-124.57636575240898, -773.5368079817148
126,-368.11003412067487, -764.8855806619323
127,-125.26852056102065, -757.4467072062408
128,-125.82964444874807, -748.274438989013
129,-485.18967482100527, -738.0211151736194
130,-126.36980407238855, -730.339423427919
131,-122.97031872730768, -720.2049333556636
132,-125.3742361761575, -710.5655544797572
133,-615.4298550458952, -706.2798417566513
134,-488.4422920272175, -697.3353092987469
135,-126.38696667463834, -688.8862902030272
136,-358.2308488126179, -675.895831906281
137,-484.69973332147134, -675.6837001095814
138,-121.09760929618903, -671.1304403600386
139,-601.5184769014126, -666.2138734620104
140,-125.84870270246836, -655.834161411509
141,-240.88994214339036, -648.456574962374
142,-611.282296204573, -642.2646343737499
143,-125.67533212950272, -631.3128232201719
144,-124.21272725897973, -627.4905282198492
145,-245.2047973303372, -621.3028190578698
146,-769.8927912886631, -622.6615943622029
147,-124.02335811714961, -611.319245575029
148,-123.2351353477709, -598.7937072399977
149,-125.25350232188912, -594.9886507702805
150,-245.88264543121812, -582.4829215040072
151,-243.94737304246541, -570.1634827779945
152,-0.5965762122309757, -557.8176493108078
153,-126.21177051539195, -551.0301828265768
154,-622.4462772426891, -548.4854284265926
155,-484.1259124957165, -545.6923656797022
156,-769.9470710333972, -543.4891742535234
157,-618.6946955109476, -540.9086728010398
158,-125.879035653694, -527.4994400672459
159,-1405.0706321363486, -529.849554646427
160,-490.7156594026001, -526.1809930384177
161,-122.81734937005517, -519.7515057882897
162,-123.02910492879498, -513.318916609869
163,-767.3344216855219, -511.8556222232075
164,-126.55978233348928, -503.2439750633463
165,-123.84202731706557, -496.887662451959
166,-480.92973830435835, -493.20560373556077
167,-732.2100328799623, -494.21413771953115
168,-624.5414449184073, -494.17831210480983
169,-749.8549498404597, -486.68385024400624
170,-496.7761001979343, -482.3419889641137
171,-477.3643892503795, -480.75397406471524
172,-915.0218044197612, -479.78729085868906
173,-124.1212246471243, -471.89305099234696
174,-124.33616082630094, -469.34669415595886
175,-125.93626083332995, -458.9230842259042
176,-124.6173345648358, -447.2706235416251
177,-355.8971925287012, -445.7747653449699
178,-127.4004191092356, -437.7707224011355
179,-242.13477242802256, -429.7919458266277
180,-361.67367564499784, -428.34065511344147
181,-477.74537281897057, -428.27157212877484
182,-237.50338838382774, -420.27128328965466
183,-123.56921590824585, -417.86435631319546
184,-1.7693903111527023, -414.25328952411553
185,-240.87726828243424, -405.20716120821015
186,-242.9064998472049, -405.16967683113234
187,-239.7032585546073, -406.31545513239274
188,-121.24137442084262, -395.31413414199875
189,-123.664510894038, -394.0918673998324
190,-122.30274967988562, -381.5245583465062
191,-121.7229466361507, -370.5259004119899
192,-1753.3221507350947, -384.42791130409444
193,-125.92136735163203, -376.73889715165046
194,-124.7240935650219, -370.67917217361844
195,-764.3934405544037, -373.4290975881124
196,-122.3017916553842, -373.39611147614175
197,-241.74478011598652, -369.7514639296873
198,-1731.832544065889, -385.8282053115189
199,-479.17089265784386, -389.3569891901649
200,-763.3757699518908, -381.657331652568
201,-119.12619289641327, -378.1129099334547
202,-1739.5782988039998, -394.2931076623291
203,-662.2857133126765, -389.2145510661171
204,-498.9957350104945, -389.3364116069608
205,-123.52905930569817, -381.54517638790406
206,-365.28187249825527, -374.68835462141624
207,-643.6460426733969, -377.509026629159
208,-119.08546939380147, -369.7773549839052
209,-233.89462094369028, -370.87771343418274
210,-596.7879636832919, -371.80884250169566
211,-364.6567690991705, -369.42278592780826
212,-799.0624506133227, -376.16679707919883
213,-0.5909101205615915, -374.92760756766233
214,-473.45488806433934, -370.6013347247782
215,-239.62234750639584, -371.7477684245621
216,-126.06675147151843, -371.74810778200373
217,-125.92525641868285, -371.7656473579147
218,-126.48046298888345, -370.60870567169945
219,-353.4446453337229, -374.1284449322171
220,-124.11822052834984, -369.3884546568944
221,-247.25569252494836, -370.6159979599397
222,-473.3008548580522, -368.0565891304119
223,-244.9533892518692, -366.8434619651753
224,-360.77190267251166, -367.96637116673867
225,-240.5200831450023, -369.12580834066466
226,-126.57328609852696, -366.7104408604432
227,-359.0529131487041, -369.0482847863201
228,-127.19544764823625, -369.06194281831495
229,-659.5907974023362, -370.80595404412816
230,-236.77052196656228, -371.90996122307
231,-236.6446163026022, -373.04670419882285
232,-122.50504620634902, -373.01801229912485
233,-246.2654147852279, -369.3263678965182
234,-124.49697734061142, -365.68691474965203
235,-122.96949511512094, -365.6527400340568
236,-122.57430726929914, -363.29617461862364
237,-238.04852553609993, -360.82966254076985
238,-361.7746191118877, -363.23643263892683
239,-238.0048018330987, -359.6012958882438
240,-119.81677013392526, -359.54097656255834
241,-0.40612349959109284, -357.13613837612036
242,-244.24532210754194, -353.46576863515
243,-123.63122008142595, -353.44532751466926
244,-481.4579290437342, -357.0177795325168
245,-120.02153955424164, -355.76594695475586
246,-118.71737894671139, -349.25419283133635
247,-123.1973273156048, -349.2459325233209
248,-122.74646172785798, -349.24104578712183
249,-237.10190412818076, -350.3595298051847
250,-618.738091362576, -354.0880842644983
251,-634.5329900522172, -357.99394043459586
252,-512.3999135382826, -363.11197380785643
253,-237.33754999528247, -364.22323160265523
254,-122.41695425691621, -359.2229383727975
255,-467.75574741557136, -359.059236721996
256,-245.12659082910355, -353.8110319199531
257,-235.0004123386138, -349.97408908822973
258,-124.76085034217652, -349.96290723511464
259,-496.7029627831219, -340.8792305415824
260,-351.76403647481914, -339.4897143123046
261,-579.4409313376731, -344.0559501319808
262,-238.13307026538223, -345.2069897853466
263,-126.55296827088198, -338.79917525120015
264,-239.1804308283483, -339.9253817361487
265,-235.7970297145152, -341.04493176012323
266,-474.2105969754715, -340.9777403468344
267,-123.46793706900155, -334.8903193887247
268,-350.7897110370787, -332.1528020499115
269,-480.44657988293227, -329.4587183503362
270,-355.5563061418596, -328.0465204097755
271,-486.09909611007777, -328.1338674783725
272,-242.52105172598752, -321.4088599514347
273,-124.19892574164446, -321.4096369623799
274,-350.76486799303325, -323.6739240340472
275,-123.09539621583552, -323.6455153878723
276,-119.7343035667124, -323.59668507789104
277,-0.9762134374106872, -320.0474752869781
278,-126.15499632034452, -320.0350210590892
279,-126.57869472892313, -318.87946028209825
280,-238.81298847155443, -317.6508534103638
281,-243.76356076769534, -315.311035289851
282,-243.06906096753255, -315.36669201568816
283,-126.07539258089675, -315.39175378241464
284,-486.5172061375956, -320.2392319406791
285,-244.06799068856984, -320.2711391647405
286,-489.14305096306646, -322.73350467589904
287,-0.8445002320976448, -320.344917092674
288,-354.22291424499673, -322.67473249091546
289,-1.0897580695275875, -321.4489849626704
290,-241.0295367006067, -322.6362528328776
291,-123.91280726085121, -322.6581514391246
292,-120.27362317867252, -306.32766616356037
293,-120.7510160139576, -306.2759626501836
294,-124.57139981869456, -306.27443571272033
295,-354.1746525729235, -302.17224783290555
296,-360.57859163443754, -304.5550158326961
297,-124.86899060247707, -303.38625793756097
298,-237.4366701232431, -288.44229919813455
299,-122.23460738248656, -284.872936345381
300,-121.10336801280842, -278.45021232599015
301,-126.06224266506945, -278.5195728236767
302,-123.6237363525679, -262.3600271991624
303,-244.54303697227988, -258.18260043575845
304,-491.1519927626665, -258.10416301328013
305,-124.01208853049422, -258.10899330552803
306,-242.7793717798392, -256.88396829834386
307,-364.8421867193157, -254.09592973880305
308,-122.79530157857964, -254.1330280606509
309,-240.91120486515737, -254.2031938998656
310,-121.4680640048678, -249.44999490308135
311,-514.9278510399323, -250.95270572248893
312,-121.49151828253503, -244.1769963991811
313,-122.29426199443984, -245.39402991791988
314,-349.3269241592089, -244.15275027886855
315,-124.17421505400449, -242.99826895434464
316,-593.7875630205773, -247.67547706983524
317,-509.7305313729297, -251.51352981937768
318,-240.55313391917545, -252.65425652868063
319,-119.91905226845385, -250.31900059802797
320,-120.55339458273907, -250.28335233857183
321,-119.52088999114679, -249.0060043132338
322,-125.4107354326346, -245.52710311897962
323,-355.03707265005715, -246.6279399529615
324,-470.9973848279128, -247.73019477451552
325,-122.84038529163882, -246.55339779598182
326,-124.27601839192857, -246.53042511891587
327,-352.93719288653716, -246.46926791629414
328,-121.85802036780531, -246.4158936434899
329,-125.43990241463808, -241.07438469361293
330,-242.17435556063276, -241.12842302955363
331,-233.07876824261993, -241.09276454895382
332,-125.12873335263613, -241.11900142041668
333,-498.97018006059494, -243.64604907317036
334,-124.7249851628224, -243.64832915139243
335,-237.73758727140788, -244.7960100729553
336,-246.2276278269135, -246.03254327853145
337,-528.597978430706, -248.93803780747749
338,-123.22024459966504, -246.5524940623553
339,-468.7461897216214, -248.85990794124052
340,-126.71246992205042, -248.92886493912178
341,-359.88713985398044, -252.5236751026657
342,-496.304267533574, -255.04426455692604
343,-245.0489088572358, -256.2584414446841
344,-359.41686700266195, -255.03803082427342
345,-240.47955784176725, -256.24261100714864
346,-465.90439223426927, -259.7144811400242
347,-618.2431909547104, -264.6649397764153
348,-242.8552579230162, -265.8660277383668
349,-246.1220521284021, -265.956229218369
350,-237.38812415867085, -262.14272954633
351,-358.42744869597556, -259.3816741327676
352,-236.15253095261727, -256.61920030691095
353,-125.30450092757934, -255.498869816234
354,-1.6140801693237734, -254.29084107535803
355,-498.2581457358729, -254.59586505856106
356,-127.1176261452469, -253.41577541172245
357,-484.5425666768964, -255.91119695510525
358,-125.40117817559931, -255.9176002334395
359,-693.7392908864898, -257.88796351447314
360,-1.3645150604216796, -254.38396830032917
361,-122.13010642073624, -249.8108600511598
362,-348.007402948361, -250.9096033779896
363,-558.8651689389324, -255.23272538467012
364,-490.5707262349733, -257.7466283387364
365,-120.85646589997796, -256.59722270059103
366,-124.95980548143369, -253.10471478565066
367,-124.10902947238881, -253.1111257096845
368,-2.2839187349301415, -249.62606778666304
369,-495.3764803990609, -249.77536679182427
370,-242.31294019219663, -248.64293313232767
371,-1.9943257086494812, -243.8018854283134
372,-124.15971739335339, -242.61827208498707
373,-119.339493972828, -242.56967776729888
374,-239.21553477267835, -241.4541844350953
375,-124.15666862327318, -241.46479715916968
376,-126.35522214151217, -241.5310063449177
377,-120.96536517312677, -242.73089786227484
378,-126.17004272231553, -242.7310483262946
379,-127.15908425881037, -242.73685222159347
380,-121.49240323308457, -241.5636463692088
381,-127.50253784088262, -240.40103613994063
382,-235.45425812138294, -240.3248881114791
383,-351.11319697594826, -242.57526615542963
384,-366.41535441356035, -241.37424763818927
385,-482.1395988081356, -243.7549637193849
386,-126.85946491739341, -240.1321278589282
387,-591.175471161456, -246.03543756822174
388,-124.12178498911712, -243.734426275663
389,-374.96041591870875, -247.47313285415478
390,-241.55500635707048, -247.47838755071942
391,-364.7087030516096, -249.88634650862699
392,-127.27412053054937, -249.9563514821458
393,-244.20984595198524, -251.19093978152605
394,-127.06090686946573, -251.21583485203377
395,-491.36518968021085, -252.58774022310664
396,-237.96337922520252, -251.36158809901428
397,-120.77795895378313, -251.32067778252735
398,-366.73538418111343, -252.61366492310609
399,-375.6350922221946, -255.14766977150313
400,-468.57116617201314, -258.62234775309514
401,-493.49956008887733, -262.29672092733324
402,-236.94812520740732, -263.42996481588165
403,-127.33139332720437, -262.2578483794309
404,-358.4254980709628, -260.9305834325139
405,-125.52316968411365, -260.94569424405006
406,-569.9318910401397, -264.21721943665307
407,-353.52466239641154, -264.10404419342404
408,-123.63275356207608, -264.11241871325905
409,-485.4950029078499, -266.55825669368596
410,-126.89101785675548, -266.61248623220484
411,-370.6721726663232, -265.1699294484688
412,-123.806839471733, -265.19308266036074
413,-120.71265990508341, -265.1772666394672
414,-235.08092562600928, -264.0348066541352
415,-243.88261687667162, -265.2318906723618
416,-234.13721420877894, -261.6353871842438
417,-122.91433302526733, -257.7672252007672
418,-244.06545006946047, -257.8023483622701
419,-126.29888469355059, -257.86614668652106
420,-472.97077625889597, -261.3903205032826
421,-244.52841382658224, -262.64039574163695
422,-1.6327365105659521, -261.4026157524163
423,-618.4610643091402, -264.0368556690071
424,-127.35293416148303, -260.60041116234277
425,-123.8218518623606, -260.61022582805
426,-604.1337146425473, -265.4088027905562
427,-600.9788919349957, -267.88921978104077
428,-246.1771566875078, -269.1324111442378
429,-370.2787230678879, -271.58079935077023
430,-355.89018135866144, -272.71795760875057
431,-372.1802383213579, -274.10897230953793
432,-243.96371640024492, -275.297322140014
433,-124.92723945744171, -271.5568927339825
434,-128.95584563013355, -271.59920133865563
435,-1.2826317020744853, -269.23465178296226
436,-515.5072686922645, -271.9274481916158
437,-359.62505372607137, -270.23771894456945
438,-121.79864935617317, -270.2235029921345
439,-237.6415697906005, -267.91245679282434
440,-492.21401805869084, -271.5674722741907
441,-607.2407872213801, -274.04100874786474
442,-129.1371764922355, -270.3693378374514
443,-240.48553514468503, -270.32370410032587
444,-127.11221371520146, -268.0006575674513
445,-472.7561370302537, -270.3234233593361
446,-520.0357195539694, -270.86473663253315
447,-478.69281442785785, -269.46923286726457
448,-123.57425665861189, -268.27642285462053
449,-609.0733559491741, -271.90593589282827
450,-125.49980788424584, -270.78705273008404
451,-126.1222186610173, -268.4640004297345
452,-370.84145125711495, -269.81088963277944
453,-241.55024306234992, -270.9733470541271
454,-243.40957077645982, -273.39130196019846
455,-240.48126126845074, -270.81353311552425
456,-380.1140563702305, -273.34349741777413
457,-517.9826206311171, -273.6778979573163
458,-127.36755337397025, -273.6975617093
459,-245.70465392538028, -269.2172153396889
460,-362.0349959876862, -272.8239201489615
461,-2.2857286971036452, -271.62547637172526
462,-126.22133192467206, -269.40761566148836
463,-243.18431107487214, -266.25080708284776
464,-123.76452492897972, -262.5827450697878
465,-504.5168740855556, -266.41934915164353
466,-237.11739173266028, -267.5409250141558
467,-234.11599874401315, -268.64099470687205
468,-127.3143683765012, -269.89129920328776
469,-356.2476338601022, -268.50001073789815
470,-1.993333298438866, -266.09681466896063
471,-122.02348910053863, -267.29710630287957
472,-126.85825944027933, -267.3240917233488
473,-2.083400303944711, -266.15153078666
474,-1.8632757643028617, -263.77800819657625
475,-122.52894519938967, -263.76173096233737
476,-584.6418737896769, -268.344597478819
477,-237.3651534768263, -269.508595361856
478,-125.34231262877098, -269.5003180609205
479,-1.301055237613443, -268.2417377707086
480,-600.2126706661388, -273.0289404450391
481,-125.29112560098066, -273.0068263226401
482,-125.30596685735819, -271.9053434099999
483,-493.40620556037175, -273.3282734958441
484,-122.40647364568964, -270.8881846881654
485,-240.03427237802865, -268.4671314238643
486,-495.4323078897883, -272.15285985358827
487,-123.39755737104153, -267.4750807156841
488,-235.33068601499681, -268.5871697259429
489,-241.12988594722654, -267.2488644262281
490,-357.42051378051735, -268.40751950046257
491,-239.9782954864772, -267.16021542481127
492,-125.61995726323167, -267.1436737921381
493,-357.36285244829054, -268.2752038571012
494,-118.87827753601435, -268.1933775637667
495,-241.8518621866906, -265.69824428883146
496,-125.17570241496612, -264.57036752072906
497,-119.57541087156044, -264.55834203990685
498,-125.18485629527567, -262.14283676104844
499,-126.1921776022791, -259.6484076148493
500,-122.89407186037793, -256.1916366717329
501,-479.30406144368845, -256.04968168528103
502,-486.5512986210964, -258.5457134194179
503,-0.9968629830608556, -257.28236811597645
504,-578.573579047211, -259.483848925739
505,-122.36603531947792, -259.4522775820926
506,-126.19932465203509, -255.01495191821158
507,-125.83455381233243, -252.7380508323708
508,-486.6818207619386, -256.36854150436943
509,-119.96436036410792, -252.713235078932
510,-242.08879735530422, -253.86521287391753
511,-600.9010959982172, -256.1675021072365
512,-125.50017445262756, -256.1844354570454
513,-597.5131397742764, -260.9524402557373
514,-125.54772432542894, -259.8571082427315
515,-120.04740205630043, -258.61875609452784
516,-244.02072717260458, -258.71759122416603
517,-376.0203113824496, -261.24865100773786
518,-237.85318034052705, -261.1865283104486
519,-121.36190045191915, -261.1371584680322
520,-123.76163507846442, -257.6450670562279
521,-123.58556697861175, -256.4356385877482
522,-236.20192995715163, -258.78133052221403
523,-129.0590734016267, -253.88731061313888
524,-121.7084460997435, -253.8308657325215
525,-120.85758985212952, -253.80122311241917
526,-126.11679656164853, -249.02105393161023
527,-365.5434649805333, -246.66669966206558
528,-117.87224737813146, -245.38365056897183
529,-0.178759229842646, -241.68265093059134
530,-0.23893377879904454, -238.1261384547928
531,-499.7203875673357, -239.40153994725256
532,-0.37119111776636027, -236.96561469442779
533,-355.81195097694626, -239.27446180962284
534,-125.50194759044774, -239.23992282922597
535,-125.87490044102124, -240.48584551661546
536,-124.92742176849082, -236.58004704737763
537,-241.45036110206877, -235.39830012113765
538,-362.3460314533552, -237.80377394210947
539,-119.23633973989487, -236.61972164160244
540,-123.49423151072662, -232.93252377612274
541,-122.07384614751668, -228.0808543653841
542,-122.23713022448348, -228.01185390270658
543,-363.2708014419409, -229.23970656567914
544,-350.62553654301047, -231.47483979395722
545,-360.90105382529833, -230.3562889619077
546,-119.09396825966304, -226.34687144896463
547,-475.62637621419816, -226.31620706682804
548,-236.67776987173312, -227.44724219895926
549,-0.26982340643094194, -221.35920687353178
550,-121.35864465108978, -221.31779524120023
551,-118.49012843211568, -221.24147433891122
552,-122.69926268209741, -218.76005245316108
553,-241.08745862427762, -218.75542460878034
554,-605.035872273014, -222.37168762374588
555,-122.84911527560358, -221.19536616381743
556,-125.2582788258158, -218.64680838837324
557,-353.4735778419384, -217.00171796048147
558,-0.521554711236675, -215.73325797385417
559,-360.032456748305, -216.8765360020834
560,-236.5438423250759, -215.62162446545727
561,-244.0955912911466, -218.0397230913977
562,-519.5256273488222, -221.9727660456392
563,-247.23234907860345, -222.01324642567653
564,-626.6610214350168, -227.0422113907369
565,-614.3523895206657, -228.14056654508803
566,-119.19317953706954, -226.9613244231321
567,-610.8351458512147, -230.72851589420415
568,-119.96587233734407, -230.65503093381253
569,-238.32803972710576, -229.47583499248256
570,-123.3179096055766, -230.68908075555396
571,-124.69148711718232, -230.71576073572035
572,-363.0225286480351, -233.07740342779795
573,-123.10065467700531, -234.28757597152853
574,-126.25648682869534, -235.53150808217248
575,-240.05908367912707, -236.70680946696982
576,-119.04239041225962, -232.0508146331956
577,-488.3009894269286, -234.56017299269664
578,-522.7555675523855, -238.53430554193284
579,-125.36898565433346, -239.77498484610004
580,-601.1979100529991, -239.78483723996868
581,-0.26147470266930783, -238.5345407309856
582,-125.94466822688301, -238.54092774468086
583,-127.16422076967199, -234.8785078967738
584,-120.49680403909164, -234.85941120070783
585,-236.6922029171265, -234.82599050609878
586,-239.50509558197052, -232.2667183830206
587,-236.86133411381346, -233.40135615044835
588,-119.95509751890748, -232.24760026548745
589,-126.66744909263467, -231.10297589694156
590,-366.98199766668665, -231.19859073580324
591,-368.8030593595772, -232.4868383745342
592,-125.53552705709339, -232.48599407247283
593,-571.1502607403124, -234.62386815539307
594,-238.58562286024525, -235.82094160863534
595,-124.38053245807133, -234.64622831134918
596,-127.69486726874861, -234.67141995988703
597,-473.9286542370706, -238.21495239354212
598,-241.50954580530012, -239.37819928864232
599,-127.50000162963612, -239.39127752891594
600,-126.7488487148008, -239.42982529746013
601,-356.8678543534816, -238.205463226558
602,-120.61701524265831, -234.54612039277367
603,-484.3681932130737, -239.37983369507378
604,-489.2177112050975, -238.48627501665263
605,-488.2013875642639, -242.1446285391005
606,-121.01197400603762, -242.09275503264055
607,-124.46777489813665, -242.07908724349858
608,-123.78261686144488, -238.45009520449364
609,-128.1646563312387, -238.53209816416495
610,-352.4809508631681, -239.63601969924366
611,-127.2923538082114, -234.89993227734354
612,-469.5172131331005, -238.34010266414828
613,-472.8587554916233, -237.09355882132178
614,-589.7316882932246, -241.7353984609997
615,-123.44185431691041, -241.76934298360587
616,-562.6883368778948, -244.95601908065873
617,-121.13643618282568, -242.40718032866255
618,-576.349559728521, -245.79214412254248
619,-362.3491600618345, -248.2020167186416
620,-127.6442772312083, -248.240843140169
621,-248.67517693602016, -249.4917392397431
622,-124.78500044041053, -248.37756994457567
623,-244.99788540915287, -249.5369580646509
624,-126.45472018219603, -249.58442080547542
625,-239.7102128501034, -250.7729470354552
626,-358.0473022415838, -253.09225209225454
627,-0.3246663664117327, -249.44006410611328
628,-120.26693470994435, -249.46401097943144
629,-356.2662615739172, -253.0248860028722
630,-126.71064143473022, -254.28960307943146
631,-591.263489462368, -255.20503409838184
632,-240.00637736388845, -257.60138596084306
633,-490.4382302456598, -258.94764875353025
634,-512.2531631733457, -262.81516090935924
635,-590.5286251100615, -267.4616981560496
636,-494.8174043808188, -271.16059798217293
637,-467.32288711864015, -273.41932324233863
638,-127.6003889612797, -271.07186681741786
639,-241.38805286606208, -272.2933839486795
640,-240.1667706178853, -273.4601093397511
641,-126.62517446195837, -273.50562262289554
642,-5.4583227015946205, -272.33783454766666
643,-121.89343345517857, -269.92406086779897
644,-125.14488759098943, -267.66925437827877
645,-239.4404409378966, -266.4546482494047
646,-124.57364630642509, -266.5094450298723
647,-125.03778131350883, -263.00355908086544
648,-586.4316722362538, -266.5010981045106
649,-4.009814793827712, -266.53849801838464
650,-242.30959989315537, -267.7480075708053
651,-3.2608723584980193, -266.5957150100691
652,-363.08381135229337, -268.9995604967711
653,-368.3249402120979, -270.2719353126493
654,-127.01146598678508, -265.49169124978704
655,-236.9269210089746, -266.63246930712074
656,-362.0348136082006, -269.00023465494456
657,-353.8963577747641, -269.0044624542728
658,-243.65597471495587, -271.43580665431
659,-120.12644446296478, -269.0367465314566
660,-604.9732234578345, -272.72104034278414
661,-126.81478632756644, -271.5482322931484
662,-123.39018432820403, -267.5868778629422
663,-356.8538441757721, -268.6830928139139
664,-123.64543234819602, -263.65293692304573
665,-0.7019746016933978, -257.51643277385597
666,-359.98701228550766, -259.92437110134034
667,-351.80935942044425, -257.3341132370326
668,-123.85961124827949, -257.37305062614195
669,-238.85416915976424, -257.3783119204686
670,-128.06285193142696, -257.4257613437271
671,-240.65925963822832, -258.58543906893755
672,-240.2056432267693, -257.3572702147249
673,-125.47045796471075, -257.38096824760197
674,-0.8383492430098698, -256.12678687174514
675,-126.88294382085759, -254.99502547316243
676,-122.0330025923005, -255.0249315949628
677,-123.14852926997288, -251.37340699339322
678,-554.7814100661069, -251.6936654185304
679,-480.35982629486, -255.24357382493574
680,-118.10822674917652, -250.41267699189754
681,-360.92664140963666, -254.0193286589672
682,-120.61965785587664, -253.96607855525716
683,-349.39043482253385, -256.18834069578577
684,-122.5719719313261, -256.2090923747081
685,-121.21222888711796, -255.054292634408
686,-117.39715181468782, -253.83321319673516
687,-123.44242385085246, -252.69902409410554
688,-573.8566256152207, -257.23803937506864
689,-126.58421759530661, -257.2372070600954
690,-121.46020255496063, -254.7819891089781
691,-239.0847418461712, -253.48480593384411
692,-240.8196984718766, -254.63764764799194
693,-1.1746943354499744, -248.9378919839433
694,-127.86682809927316, -247.83070403633354
695,-127.04907733191672, -247.85738948507202
696,-474.38745131550917, -251.3243153255396
697,-126.11685963855896, -247.8461973795545
698,-124.54370019934365, -246.676538923495
699,-489.41432928326105, -250.2956822000312
700,-236.85491480322656, -251.3967428609154
701,-125.37247141063708, -249.08178903148695
702,-467.3983346325295, -252.54960222538568
703,-365.1991962697609, -251.35791225595258
704,-125.54218760080734, -247.7211570199097
705,-126.87842166751933, -244.10792736094223
706,-126.21741145955892, -244.15998173547746
707,-127.76213320637059, -244.19292531855982
708,-358.8730732161753, -246.5438298821071
709,-118.33984268097764, -246.44558174560447
710,-121.54390307829257, -244.13621126775573
711,-127.83012257848449, -244.14158895545847
712,-480.49216399684565, -244.2513384640959
713,-233.4855123275771, -241.85760603245544
714,-478.71711565973726, -240.7474603061206
715,-486.54162397656717, -244.37845800271714
716,-126.87326361741677, -240.02030727011234
717,-125.37381562118472, -240.0626810644959
718,-127.16387185563156, -235.57082418576704
719,-367.05556219337814, -235.6178882070825
720,-366.40402748073825, -238.0054857095778
721,-496.09759903905683, -240.47970993060815
722,-1.8055212318353895, -239.2499151385224
723,-600.4096519085682, -242.8040328035166
724,-122.00894341492277, -242.75957503584388
725,-125.5264927406049, -241.61773783474888
726,-126.48598986520416, -239.30212471098508
727,-121.11384113962828, -240.51001645871722
728,-123.1902375620255, -240.53924948723804
729,-1.3890150200433133, -236.9904770216993
730,-127.14329732017322, -236.9948035805537
731,-122.91008018699704, -232.31126948780002
732,-558.7004322530024, -235.49821003669112
733,-242.51030287523108, -233.01893076298686
734,-242.9970536278152, -230.32636966753154
735,-233.68487840942103, -226.75793220052518
736,-233.8459703907929, -224.14821786062492
737,-126.08877829035258, -220.735876772342
738,-124.35109892552504, -220.70338387198453
739,-355.2721142011949, -221.84222448533583
740,-490.6617862188703, -224.34717464134562
741,-126.55918581067093, -224.34651475483275
742,-237.11750941184317, -226.66310662193527
743,-360.8427736602743, -229.05260002398623
744,-477.74287568849434, -232.5785799049613
745,-124.59216348070443, -231.43009713038936
746,-122.93190826134386, -231.41367974993855
747,-355.19878700707613, -233.71528980687424
748,-469.4712739600368, -232.54568582411207
749,-127.84703642874476, -233.78405804046125
750,-125.60654558468896, -232.6170274973766
751,-479.95281910245865, -237.38394696481612
752,-126.48375283876486, -235.01794637968086
753,-124.06941472180452, -232.57539112477795
754,-118.7163633498975, -232.49244009840905
755,-0.8516454906243615, -230.13168734322554
756,-351.0538405883105, -230.02187761302667
757,-122.48455698089448, -227.70775960508792
758,-121.47425553659914, -226.48594241330437
759,-120.15664305555087, -226.4862443992302
760,-123.71718881767143, -221.6736840528286
761,-624.5685216492824, -226.65122140604578
762,-490.48059586886876, -230.3221255214524
763,-513.5182469825872, -231.88876954952062
764,-360.5011856336493, -234.25732708237513
765,-475.1897208967414, -239.0022045453256
766,-125.58269202286583, -236.65816134269917
767,-359.63981873330164, -236.73646593582777
768,-121.36144103807669, -236.7114842337257
769,-371.4835186064173, -238.03777772819222
770,-359.711986034794, -240.35426906922592
771,-125.96242359752385, -239.20730070881888
772,-127.02461009349297, -238.0754903774861
773,-622.5495667994993, -243.04628146583403
774,-127.45465347586565, -244.31244450816254
775,-126.77721576701188, -244.31138722762407
776,-243.28116531810332, -245.5238688548821
777,-124.82297285398033, -245.54061329072218
778,-126.32227139755365, -241.25602190403663
779,-566.4795795058554, -242.1172194361466
780,-234.14227872697884, -243.27755995592466
781,-0.5439854140389527, -239.67373339596867
782,-123.49559329207081, -239.70249275033063
783,-126.6617186527699, -237.475205588633
784,-123.36959842607611, -237.4831818535805
785,-473.35904516755727, -241.00465001638491
786,-353.32411584323006, -243.36391965667025
787,-123.52346592473727, -243.36473007740912
788,-125.81362143867963, -238.88430003564372
789,-238.76610017798083, -240.00611886147047
790,-241.34595705864243, -241.20497640650726
791,-480.4732475491676, -243.61886146353726
792,-1.6083455519335, -241.2267479343378
793,-127.41576509305025, -242.48915864191386
794,-1.8213033325121375, -241.22870339424622
795,-238.9565929813928, -242.347778550741
796,-127.40392978994768, -238.87794333548536
797,-242.72004071146958, -240.0439751462145
798,-127.37122020530254, -240.07225034627407
799,-1.1973742009907173, -235.19008079545137
800,-122.91920561101057, -234.05072370352917
801,-236.54758884407738, -235.16247487786364
802,-127.59529799659448, -231.76444451150425
803,-124.5303451602645, -229.35775600040927
804,-123.30751039501378, -229.33540922835135
805,-2.217748100973637, -228.0888024926859
806,-516.0390828934956, -231.9870192070252
807,-127.38679269398531, -231.9832658019014
808,-246.5762130532273, -230.86029720027193
809,-2.3879018655732924, -229.70077779211783
810,-242.06214927274235, -230.90596025406236
811,-361.19061069128077, -233.2395651351903
812,-126.5794545552258, -229.70043804077417
813,-122.1262596782812, -228.58684551428115
814,-368.31800907995995, -227.4828544484834
815,-237.92995598440388, -224.99673776856176
816,-127.20970335081948, -225.00010216589578
817,-127.28930954918302, -225.0192571051758
818,-366.5293332935695, -227.41291171955513
819,-129.2713991757526, -225.0350700893789
820,-127.08680287208148, -222.64189784329227
821,-237.6500266099931, -220.0574221190017
822,-237.77792852367395, -222.41714619192007
823,-364.3465034864016, -220.05651470769845
824,-245.9934911708611, -221.29636018525784
825,-124.19072820004202, -221.28300253985225
826,-232.8037602578111, -222.3461802437783
827,-238.22244075804787, -223.51726623996248
828,-365.8650847789837, -225.94401471213206
829,-356.2782735133561, -229.49290729706513
830,-353.67914167098047, -231.75826574057322
831,-127.36825253822431, -231.80284746408554
832,-483.76326888151476, -231.05347583037062
833,-123.39610321166535, -229.86233383373497
834,-355.1341618948449, -230.9837049164053
835,-119.900979702591, -229.84586592933695
836,-0.5141324099784589, -227.51254754952882
837,-125.43373882653648, -227.50599715489065
838,-360.11812946724115, -229.86366746030785
839,-515.7129539601539, -231.46807585789745
840,-125.8416722204066, -227.81987471791282
841,-118.38064194640816, -227.73808927927018
842,-365.15556200692896, -229.01846980522103
843,-121.19102287907468, -226.621952297409
844,-483.0392135747686, -226.67491567627175
845,-1.01447158676902, -225.43913875733242
846,-126.46453040212633, -225.47446497874017
847,-490.71966366079056, -226.82967374527735
848,-122.39056086103454, -223.35886661428734
849,-506.9839966879124, -227.150236216879
850,-125.13593857858528, -227.14553014681798
851,-352.96748015140014, -225.87567675730736
852,-119.5015667370391, -225.8058548962901
853,-127.12847976515755, -225.83644554672364
854,-247.2172462099523, -227.12145437532422
855,-126.22313878541357, -228.37516930827212
856,-120.30640317195147, -226.06769493410852
857,-242.91017873772196, -227.2719511516768
858,-124.63010494691949, -227.30350964578
859,-367.9472447234193, -229.78141566245867
860,-246.19103208557195, -231.00615409513767
861,-565.4417015051837, -230.41488589369666
862,-241.67971475452057, -227.92687708255323
863,-1.1732910181111318, -222.8034275229085
864,-501.3169450845149, -224.21158511741717
865,-1.7525110584428296, -219.47721301903417
866,-479.6634040566302, -223.01802013937183
867,-126.44339142632501, -220.686055866302
868,-241.30478175113956, -221.88548927343265
869,-2.3884044302713976, -218.19453813167118
870,-2.1868522496584704, -214.61928679381984
871,-128.21889818184155, -214.641851539663
872,-237.2435521604872, -215.74404096033294
873,-619.9579930129938, -215.71812522246785
874,-238.76567791098202, -216.831235466819
875,-360.27928781098933, -219.1662561872588
876,-477.5862377322332, -221.50930691140016
877,-362.2151757665038, -223.88322894052536
878,-368.40583224551955, -226.3040645490051
879,-125.58653692890317, -221.89513412323552
880,-363.8652943364541, -223.1923642793303
881,-243.02013148210838, -225.61712574001095
882,-126.03849673314748, -225.64255477442168
883,-123.70015467105311, -225.61293913460457
884,-125.31930988986004, -225.63243624924243
885,-128.1268182579742, -222.18011398014653
886,-122.61409282786356, -219.87301374999285
887,-3.3074382353062446, -218.6708534730986
888,-477.778029700595, -222.19049755571774
889,-362.23215395568263, -223.4251580934948
890,-359.26685300673324, -224.60436705297573
891,-349.9817794823376, -223.29945237230743
892,-369.23418112525246, -226.9757107280406
893,-495.95118319822774, -230.66106490909235
894,-118.33700672046918, -231.82622194297193
895,-127.11203369942704, -230.70777635015224
896,-597.3198838410756, -235.4069358906635
897,-498.10705132466245, -237.96080599679547
898,-490.29110866555294, -241.59000488139793
899,-123.30111046309055, -242.8110422440189
900,-354.5972717192381, -245.1278229051012
901,-237.7098678238116, -245.13944569489854
902,-124.74894831413158, -245.1109821980739
903,-354.23375458230504, -247.40801629229435
904,-126.82986726402281, -247.44323986098442
905,-122.92061022206954, -248.65026848219543
906,-365.9380186906824, -247.14925784016725
907,-592.2382011958142, -251.79777192518554
908,-596.0679072461959, -255.29268886711526
909,-126.06107647787705, -256.5294206132383
910,-479.03715818001973, -258.89917070231104
911,-366.91821960553403, -258.9564467914536
912,-125.2757762200179, -258.94341000810147
913,-125.9329848193085, -258.9814772595118
914,-123.42114135658944, -256.532508582278
915,-589.8655719253576, -260.0518647416876
916,-241.96528120951535, -261.19942052027454
917,-241.26840559029864, -262.3392114806857
918,-125.43845990794296, -259.92830274682944
919,-494.8139075769137, -263.58372783084104
920,-126.07213545234983, -263.57358115664374
921,-352.6943903331194, -264.724024793875
922,-0.38574683033485496, -262.35010297694157
923,-0.8404311911486159, -258.7150422539891
924,-117.41434642019408, -257.4292508064824
925,-125.06049056940279, -257.437948430176
926,-499.4320434281072, -260.10423126187897
927,-0.46832330364585206, -257.72669008733493
928,-568.0104718928043, -259.7481439584731
929,-123.05386265294011, -257.415899849869
930,-238.00018309369693, -256.25911026409614
931,-124.42656049659102, -256.22969334367986
932,-119.20837759440508, -252.58414443080875
933,-126.36699457169263, -252.61385334440902
934,-356.2071556352595, -252.6245832818132
935,-240.33144449433107, -253.8288879297306
936,-362.5758218438109, -257.44950482406887
937,-475.70448690112994, -260.9522123048148
938,-238.5900628168207, -259.7369316383106
939,-243.45560687186222, -257.01435816742764
940,-125.51111481768369, -257.01105259340045
941,-120.74611969168848, -257.0347073708533
942,-123.90721645047637, -254.62222391528874
943,-127.76297426723525, -254.68794342917033
944,-233.58954109401597, -252.19344670436283
945,-127.398251278582, -253.45728450128092
946,-128.38206289920518, -253.4764598262517
947,-566.6382897293706, -254.2356460869375
948,-466.5270543594276, -257.67701102192143
949,-567.889888651086, -258.28606994155314
950,-477.52375251791403, -261.8099480809465
951,-361.74426017096505, -261.8977158811421
952,-634.3458324212315, -267.04615853798407
953,-236.98472368676804, -268.14472097720017
954,-245.9732939471724, -268.1322814545724
955,-128.73577264147187, -268.1574077931329
956,-480.7483920571787, -271.7618276819852
957,-128.90769835500032, -270.62180287815795
958,-488.99123483641296, -274.2654141770529
959,-126.49405386127567, -271.8508822684315
960,-239.95382948391165, -271.7885102424149
961,-477.4346380454197, -270.9084396078173
962,-2.2430658121339375, -268.5140731183934
963,-123.82486222773613, -269.7405888304896
964,-361.1155626399381, -268.33857500604387
965,-127.62838131206215, -269.59733370858004
966,-242.00613366104963, -267.22076100462425
967,-120.33018908334464, -267.1596289811945
968,-485.2206146395627, -269.5987873100787
969,-129.4189925952659, -270.86909319172867
970,-244.23700329010512, -273.2895947021332
971,-583.4582895879262, -277.84198861619393
972,-238.24859300708727, -277.85203902466
973,-120.9002939025269, -272.8614620335553
974,-355.850491606535, -274.0323101705108
975,-3.026174991566274, -270.4597790423166
976,-373.55709856102607, -269.41948765060454
977,-245.75094019736363, -268.2548452949131
978,-357.1934561017232, -268.14272153347514
979,-366.93679380147523, -270.5562241022009
980,-363.32457211598177, -270.55081687999615
981,-358.5524705254067, -271.70614027042916
982,-1.2006348436022418, -270.45776165153364
983,-236.95184335161335, -271.59027853833925
984,-123.15113318241357, -271.5685967712648
985,-362.68362609692025, -273.9141648496543
986,-234.96176292725505, -275.03764155064823
987,-241.24036711762298, -277.4169708394714
988,-589.0592531550961, -278.5297830740164
989,-238.74964333480818, -277.29495796780765
990,-233.0362206407301, -276.0326516441476
991,-125.78856105396041, -273.79071945986385
992,-355.76452979274916, -273.65602294653877
993,-120.20568507894102, -269.89856796534593
994,-240.013420294335, -271.11533210108456
995,-243.5231996309719, -272.2794437604
996,-2.3932255173831964, -266.3301771771631
997,-124.64210937649169, -262.5955277576814
998,-127.09557647928281, -258.96357243581866
999,-123.7280810906557, -258.96784214209436