0,-1069.7315620971847, -1069.7315620971847
1,-1063.1144359898374, -1066.422999043511
2,-1425.7757297367193, -1186.2072426079137
3,-1820.5084885322117, -1344.7825540889883
4,-629.1262478268834, -1201.6512928365673
5,-1778.147692747132, -1297.7340261549948
6,-1064.6331977157522, -1264.4339078065316
7,-1302.0447827723078, -1269.1352671772534
8,-1456.8062413913215, -1289.9875976454832
9,-1402.3317430728985, -1301.2220121882247
10,-1568.9689048264395, -1325.5626387916986
11,-1252.4970977241924, -1319.4738437027397
12,-1142.6454849879917, -1305.8716622631437
13,-1237.4634942193757, -1300.9853645457317
14,-1473.0298718562408, -1312.4549983664324
15,-1683.0441686447953, -1335.6168215088303
16,-1578.7770599570672, -1349.9203649469619
17,-1688.8913501031202, -1368.7520863445263
18,-1500.6853817383414, -1375.6959439968323
19,-1268.7911884518724, -1370.3507062195845
20,-1558.3859624692677, -1379.304766040998
21,-1536.5794912304596, -1386.4536171859734
22,-1112.1013126609232, -1374.525256119667
23,-1475.6921398208758, -1378.7405429405505
24,-1062.4037205034576, -1366.0870700430667
25,-1027.6181868883139, -1353.0690360755762
26,-1069.6942853349562, -1342.5736749370346
27,-1338.2519541653246, -1342.4193277666163
28,-1436.5450783204965, -1345.665043302957
29,-1161.0233746472973, -1339.5103210144348
30,-1062.0627503228086, -1330.5603993792213
31,-1227.6426928823973, -1327.3442210511957
32,-1106.4948678535043, -1320.6518164088416
33,-1328.4071262295072, -1320.8799137565081
34,-1407.5505553816256, -1323.35621780294
35,-1177.4586137695185, -1319.3035065797894
36,-1023.1638726141299, -1311.2997326888255
37,-1099.320991565875, -1305.7213447645374
38,-1065.157423586786, -1299.5530390933131
39,-1284.1415441731317, -1299.1677517203086
40,-982.7504174164056, -1291.450255761677
41,-864.3559781131669, -1281.2813443890934
42,-771.4889138523614, -1269.4257064696346
43,-999.680385622059, -1263.295130995826
44,-1257.187525486079, -1263.1594064289427
45,-1166.3268009449225, -1261.0543497879858
46,-902.3804220412259, -1253.4229896231611
47,-1099.814608122483, -1250.2228150085634
48,-1144.2778849553542, -1248.060673578906
49,-880.2266916063003, -1240.703993939454
50,-1018.497013177806, -1236.3469943166765
51,-1038.2520264482512, -1232.537475703822
52,-1162.2517169998735, -1231.2113293131817
53,-1189.213602194482, -1230.4335936257983
54,-1141.4717827262382, -1228.8161061548972
55,-1056.0345992764903, -1225.730722103497
56,-1076.212394878503, -1223.10759355569
57,-1075.5006163230746, -1220.5626456723692
58,-1128.7369163359424, -1219.0062773785314
59,-1067.2617195051373, -1216.4772014139749
60,-1043.7640852494162, -1213.6458388539002
61,-1126.152491517088, -1212.2346558323388
62,-1157.8346950108003, -1211.371164390727
63,-1003.5582049173892, -1208.1240868989562
64,-1169.3968742211368, -1207.5282836269898
65,-906.9180624742379, -1202.9735833064938
66,-898.3756546126111, -1198.427345564794
67,-1158.3993179893525, -1197.8386981004494
68,-1008.0050237241479, -1195.087485428329
69,-904.6770819178862, -1190.93876537818
70,-895.0516517258772, -1186.771341242232
71,-1146.437722052321, -1186.2111520868161
72,-895.3849618568584, -1182.2272316727071
73,-897.0376998458266, -1178.3733190804521
74,-992.7433084697703, -1175.8982522723097
75,-879.6388902093345, -1172.000102771481
76,-875.2818107797967, -1168.1466184599005
77,-1129.4346537202885, -1167.6503112196492
78,-911.9449153244453, -1164.413534056419
79,-883.3954070387992, -1160.9008074686985
80,-874.7499089971428, -1157.3680803270745
81,-995.6546287675778, -1155.3959650641536
82,-757.8233386843505, -1150.6059334210236
83,-496.47183121552007, -1142.8186226804817
84,-899.2010490058764, -1139.9525335784276
85,-783.6183461177424, -1135.809112794001
86,-633.8685818559526, -1130.0396814039084
87,-787.1333860848018, -1126.1430189571006
88,-755.5932774708019, -1121.9795387156817
89,-866.1324844478738, -1119.1367936682616
90,-1060.1386123217135, -1118.4884620051128
91,-753.270784628748, -1114.5187046423262
92,-744.0110917169773, -1110.5347518151718
93,-817.0591612311453, -1107.412671064278
94,-793.2411318081439, -1104.105602230003
95,-807.8285293962889, -1101.0193827213182
96,-506.7456404704958, -1094.892849296052
97,-757.2505326588326, -1091.4475195344478
98,-953.0435577054144, -1090.0494997179928
99,-759.7148354719892, -1086.7461530755327
100,-777.2966297795209, -1083.821803752356
101,-486.68697249963634, -1078.0575291174541
102,-754.5419500114804, -1071.3451913202016
103,-769.6002071839848, -1060.8361085067195
104,-607.8962763046865, -1060.6238087914974
105,-862.6062548362593, -1051.4683944123888
106,-380.2116592193469, -1044.6241790274246
107,-790.7161776661126, -1039.5108929763626
108,-374.8021749304652, -1028.690852311754
109,-494.6769426070787, -1019.6143043070958
110,-916.1528882363435, -1013.086144141195
111,-622.2219615933315, -1006.7833927798863
112,-168.4162910370975, -997.0411008403775
113,-483.4570639580271, -989.501036537764
114,-252.23450591781787, -977.2930828783798
115,-371.62914342269295, -964.1789326261588
116,-362.4589972078339, -952.0157519986665
117,-1024.3059245109246, -945.3698977427443
118,-249.32587424786266, -932.8563026678396
119,-244.1439332848518, -922.6098301161695
120,-363.2814403824474, -910.6587848953012
121,-611.278346985878, -901.4057734528556
122,-127.27930835666004, -891.5575534098128
123,-373.38662357997123, -880.5344982474037
124,-240.66791860959006, -872.317140228465
125,-121.9843014549541, -863.2608013741315
126,-488.05037035300586, -857.4443622243119
127,-244.07952625709927, -846.5026379452297
128,-778.6410655859075, -839.9235978178839
129,-125.60533931001872, -829.569417464511
130,-1.6609213656233965, -818.9653991749392
131,-250.92288781087578, -809.1982011242237
132,-123.03344126083351, -799.363586858297
133,-621.6342402140972, -792.295857998143
134,-364.58501110855843, -781.8662025554127
135,-250.85623303285098, -772.6001787480459
136,-360.8934930824601, -765.9774749527293
137,-126.445897368382, -756.2487240107541
138,-127.06523501033273, -746.8678021249897
139,-641.1385594513713, -740.4377722777721
140,-124.31824261986931, -731.8534505298068
141,-602.0384896579584, -729.2302756452546
142,-637.6234949793669, -727.8916214565247
143,-124.80954368181679, -719.1429130371223
144,-362.7195603466108, -710.1982333857275
145,-776.3409437716465, -706.2983748139948
146,-609.9838161047112, -703.3744087546296
147,-249.15660702584282, -694.8678287436632
148,-125.33761952446537, -684.6784260893543
149,-126.705696469908, -677.1432161379904
150,-125.40882444556271, -668.212334250668
151,-494.82527229186564, -662.7780667091042
152,-252.10034224624928, -653.676552961568
153,-366.6096752849151, -645.4505136924722
154,-362.2798211895418, -637.6585940771052
155,-236.2148768936173, -629.4603968532765
156,-359.48102026899886, -622.2930831071815
157,-248.28059764272666, -614.020882920378
158,-243.58108957667417, -605.1693246527853
159,-124.07235001848926, -595.7374309579188
160,-369.3854988166439, -588.9936450935912
161,-368.19609426384517, -581.4140811210586
162,-358.2778926449201, -573.4185130973999
163,-125.02205147112494, -564.6331515629372
164,-476.7817188850247, -557.7070000095761
165,-246.7101123842818, -551.1049205086765
166,-477.083787722978, -546.8920018397803
167,-122.41731961471964, -536.5321818560338
168,-125.98017359959383, -527.7119333547884
169,-245.6926327490206, -521.1220888630997
170,-1.0053155598839165, -512.1816255014397
171,-124.69708703767729, -501.9642191512934
172,-361.844907262948, -496.62881860535424
173,-237.63922043907507, -490.0348338112866
174,-123.85060760598861, -481.34590680264876
175,-365.6287461512577, -476.20580536206796
176,-123.77824246153713, -468.69076967888543
177,-124.01882240695232, -458.63661136575206
178,-125.17124599963743, -450.76887467250396
179,-120.77932193220443, -443.14271382143806
180,-122.65910968231366, -435.6218058282897
181,-483.1656782859009, -430.496916323473
182,-123.99879215132407, -424.1586708581427
183,-126.18924381998195, -420.45584498418737
184,-790.7179807791248, -419.37101430191996
185,-481.44875426217345, -416.34931838336416
186,-127.21370547217595, -411.28276961952645
187,-123.94016756022158, -404.6508374342806
188,-124.51413654594198, -398.340046025032
189,-121.80201239031236, -390.89674130445644
190,-242.94289292081228, -382.7247841104475
191,-240.2035706911875, -377.5941119710718
192,-125.99188364024178, -371.41391989030444
193,-125.64517937001938, -364.49978007169324
194,-808.6944697570137, -364.6543134511819
195,-242.52948490394598, -359.0013230062585
196,-487.07646530560595, -358.80463125460955
197,-125.81602438148408, -352.49028617183615
198,-124.21915883317065, -344.2020421831136
199,-748.8050243464329, -344.0929440718581
200,-363.49080706860667, -339.95488584474896
201,-357.07863407794304, -338.658802460532
202,-124.90798006802054, -332.3624627610974
203,-240.33654057568754, -327.06982609501443
204,-0.5637446733514502, -320.9965007787011
205,-0.5342552604421968, -312.3757807829429
206,-487.0843324961582, -313.444507515711
207,-481.99189835019007, -310.35726472255175
208,-122.79532965405339, -307.8371962697876
209,-0.24167103476548035, -302.89284355406454
210,-241.3429774151361, -296.1447444458525
211,-727.5799598720658, -297.19832442863986
212,-236.12377195200224, -297.87539923778894
213,-240.20585912507423, -295.4428871894594
214,-122.77585933428652, -294.14830072362406
215,-123.08776701616655, -291.6628869595588
216,-725.4071274624976, -295.29236826210547
217,-630.4589459783512, -291.3538984767797
218,-354.05154788635406, -292.4011552131646
219,-123.91019587834836, -291.19881783909955
220,-942.5649266846914, -296.991652702122
221,-123.24022253606685, -292.11127145762384
222,-353.6946754638783, -294.37542512869607
223,-0.49580040203683756, -290.64651689691675
224,-365.81455675180007, -291.8979832783388
225,-490.31651683026683, -295.58130543209194
226,-125.6802332500083, -291.957604061062
227,-123.50754542371504, -290.75188425272813
228,-119.15311698489135, -284.157004766718
229,-123.13828949650491, -284.1323342685829
230,-367.32326403064553, -287.78895769523314
231,-124.46761754833764, -286.5244049926077
232,-524.5235630668661, -290.539306210668
233,-124.94758998402068, -285.5724397083672
234,-371.70678427265943, -285.64365744000827
235,-0.21134105252374846, -283.137208520205
236,-515.4529551392617, -284.68280314077305
237,-241.63451914371095, -285.8346893585263
238,-241.66113473495807, -286.98064835577253
239,-122.67800444118878, -281.7960428056707
240,-125.58075130538072, -281.8086678925258
241,-125.14547518213246, -277.03973774776756
242,-239.8823390196677, -273.0623261881706
243,-124.08481967930211, -273.05507894814536
244,-0.5103954091514008, -269.4329872987708
245,-614.6640604014724, -267.816218465069
246,-117.64483862008909, -262.89282869022287
247,-0.33045103111204177, -260.40456713027555
248,-124.61159321883525, -260.3973068672193
249,-124.20846648135752, -260.37233456733384
250,-480.5907250167355, -263.92415357304554
251,-124.6255731980813, -260.2221565821077
252,-238.30335908110723, -260.0841867504562
253,-355.36994720523023, -259.97178946965937
254,-121.04330228404852, -257.55942428060445
255,-503.0892575831854, -260.2281680875001
256,-125.49555450125952, -257.8883134298227
257,-649.1741480336563, -261.897248933732
258,-122.68973255667623, -260.688335363532
259,-124.48880166529584, -260.6924998800001
260,-117.22700044479683, -258.1709148962816
261,-121.45304643589758, -255.70348441800212
262,-122.04841794695724, -253.3411896710225
263,-353.71076095826726, -255.62807676589392
264,-755.2932158983666, -258.4131917360274
265,-124.64643388747014, -257.19255495105926
266,-243.95216191778047, -254.86123869300727
267,-120.1197660016118, -254.83826315687617
268,-122.91753922338259, -254.80763681311404
269,-236.0244494848341, -254.71095498047217
270,-126.18770515984814, -255.96277887647184
271,-492.9280792179345, -259.6450887982744
272,-121.17375464286454, -257.2383772720736
273,-125.27916937301654, -256.114776761413
274,-123.67290081056053, -256.11299969345873
275,-0.9680401326952249, -252.4663926332731
276,-353.92138293546355, -254.76782403801238
277,-1.285998453545042, -253.5404957984783
278,-122.31805520605909, -253.5119638905425
279,-242.9824552442975, -254.73399522366344
280,-125.03032212281887, -254.7577073480685
281,-1.9453327288267017, -249.94550389249775
282,-121.84859713621209, -249.9240019423467
283,-125.59591488751178, -249.91806865302195
284,-361.9770600224975, -245.63065944545568
285,-125.19563739849133, -242.0681282768188
286,-512.7908972099559, -245.92390019419665
287,-1.1412416643834231, -244.6959109352383
288,-239.7055605486124, -245.84782517526494
289,-2.102677959660434, -244.65083183095848
290,-121.86882987178973, -243.44009120046823
291,-358.10729507217786, -244.61912844427815
292,-125.80146666341216, -244.61722427450982
293,-354.601422985554, -246.90678671066516
294,-127.1125773924081, -240.0909677870191
295,-122.17167009628265, -238.88738963894244
296,-125.36039366227959, -235.2702289225092
297,-124.56055526619508, -235.25767423135628
298,-375.01422121766615, -237.76562485520125
299,-120.01215157137464, -231.47769612745066
300,-482.1437275098228, -232.66422533186284
301,-122.69366262727901, -230.32037561735623
302,-241.4927238012784, -231.48622305468882
303,-0.6955249290070568, -229.08981289822202
304,-1.7067810971478172, -229.10124326245997
305,-126.5850740350038, -230.3617514502056
306,-124.14719332861243, -226.73238005853014
307,-531.8304253638158, -227.2307653286664
308,-488.6211804082817, -230.88902383620865
309,-118.9840642189306, -232.07644776805031
310,-242.0686594839163, -232.0837045887381
311,-537.8945410175872, -230.18685040019335
312,-605.1865590156738, -233.87747827083007
313,-573.8976838475571, -237.21439651805488
314,-123.93511319833068, -237.2259890566953
315,-358.7863165518986, -239.58297455205266
316,-503.2752552283027, -237.36165582971068
317,-1.435105859804832, -231.0714174285252
318,-243.23518760785518, -229.96325382574022
319,-358.3348557006185, -232.3075004239629
320,-126.52360978024623, -224.14708725491843
321,-125.07621700049206, -224.1654471995627
322,-244.96240871422125, -223.07812453206614
323,-356.03974010137625, -226.63356392905953
324,-353.5601126204792, -226.51101948774635
325,-125.780829730084, -222.8656626167445
326,-541.3937404177701, -227.02279768842212
327,-494.77323575431313, -230.7354545917281
328,-498.57378691443233, -234.5296612910235
329,-124.34527263864592, -234.54173112244496
330,-355.61069027137165, -234.4246053848522
331,-516.2354935081189, -238.34228414445002
332,-368.9804164557976, -236.78685267833936
333,-128.88917329699464, -236.8262685114691
334,-3.1848962475655176, -233.14104963121815
335,-126.57399775125566, -234.4046761982055
336,-495.99742306351675, -234.210120877448
337,-129.55668367887034, -233.08934252279963
338,-127.46866098804145, -231.94741778533043
339,-591.5098002127694, -236.63573574304624
340,-237.4259476149049, -237.75418770614152
341,-476.9523313465181, -241.27225626778534
342,-502.7691740889469, -243.90112461847812
343,-130.43203651710292, -243.96459678685613
344,-242.61971982526558, -246.3856900310173
345,-130.62888603000755, -241.54533828730266
346,-127.72249336595993, -241.64611483476136
347,-123.85480784338218, -242.88135840288408
348,-245.66381815073706, -244.09188065220306
349,-3.640169666955781, -242.886197684059
350,-126.61011733800265, -239.3463916072717
351,-368.97726696563797, -241.78990854494728
352,-484.10823426355296, -244.24795729677172
353,-120.92947553326246, -241.903552580052
354,-126.01220783417565, -241.95324163555333
355,-617.4403487904885, -243.09675254762638
356,-562.0358403044626, -247.46215540565842
357,-4.075789732130785, -241.01117182264315
358,-127.40006661114165, -241.05827516318783
359,-585.5390302663355, -245.66877744919816
360,-128.39217931122147, -245.78042923786242
361,-508.8293608525652, -249.6541923820291
362,-127.36879126964166, -249.7073961152559
363,-124.75767179289997, -247.4178652236022
364,-243.02028675243426, -242.2951359321429
365,-483.7556460057557, -245.88622805332582
366,-529.468806510563, -248.74139449925363
367,-244.5292535645767, -249.98548937488326
368,-126.50925465797346, -250.02140652922913
369,-125.7218090776652, -248.91838012515746
370,-126.78891194618639, -248.92439219302088
371,-126.67847381848779, -245.26189613902642
372,-522.2302862314365, -249.2724614549121
373,-126.03610317060395, -249.280030792888
374,-623.4239948614912, -254.27754173339733
375,-126.65047271185789, -255.53436605918895
376,-128.47801071473395, -253.2799323369817
377,-239.34574642124792, -255.6605298166587
378,-123.0716049197219, -255.66806531379535
379,-472.59849045225377, -257.96422566587484
380,-244.32097589601088, -259.15713220360675
381,-368.3530475688314, -262.82120935200675
382,-627.9782260249588, -267.8825056408943
383,-3.3638630031571646, -266.66018512205073
384,-245.80724589756016, -265.4984869808014
385,-362.6440456621647, -267.87297106343806
386,-120.268129304783, -263.9477433843863
387,-128.6387980497592, -265.22271894824013
388,-604.340295982571, -268.86906630257977
389,-370.0221461025077, -272.5482609840082
390,-357.7865073218821, -274.9074377585091
391,-128.15773191452726, -272.60794212693264
392,-488.5990922531195, -276.2359183828297
393,-125.04138306249006, -273.9403179835991
394,-608.2304767535712, -278.7514969772107
395,-127.27906515686475, -278.80257092781653
396,-124.2703307520782, -278.7916702987145
397,-125.95873086362133, -278.8056520546888
398,-476.4204115266498, -279.8197139577786
399,-357.5734654225801, -282.19532709629067
400,-239.721658353554, -279.771106404728
401,-123.88960755333584, -279.7830658539886
402,-636.1254879848689, -283.72939349582447
403,-241.78197281040792, -286.1402579746384
404,-233.87795565727492, -288.46196972023967
405,-244.1199852945078, -289.6373188328347
406,-247.24696385828582, -290.86831653813147
407,-126.56735137769829, -286.8156857982703
408,-1.481647594086364, -281.94429047012835
409,-370.1512307719478, -284.4559621356586
410,-363.2908130068381, -285.6681836708878
411,-355.4267130103686, -283.8435053908156
412,-1.9151862644340012, -277.81079166330323
413,-351.4314938378114, -275.5861297632058
414,-495.1185257011321, -279.29796388823377
415,-125.645534808368, -276.96655607079845
416,-125.12301288120197, -273.1850336473274
417,-525.9986477303656, -278.43066906603303
418,-124.17889722708277, -277.24010616222535
419,-488.55957963734875, -278.5423534015926
420,-513.2940793297678, -282.41005809708787
421,-355.1075371808213, -284.7103712988912
422,-236.07131186158688, -284.62146033036476
423,-0.6185237843017438, -281.06724816719407
424,-529.6686095756994, -282.8283331367462
425,-126.74390709750678, -282.83796391042046
426,-123.93829913804258, -278.6634094976232
427,-126.4036603547372, -274.97971374362737
428,-126.50138326319095, -271.258989707115
429,-570.9974956014076, -275.72551193674263
430,-0.8874925191481828, -272.1782799592204
431,-125.37290824528941, -268.2696541065921
432,-242.16794729856855, -267.0015294150198
433,-126.11473383689207, -266.97378502041875
434,-121.99142540294851, -268.1618503119726
435,-124.03184446697982, -268.13642877912986
436,-510.65741828712805, -268.28302873136596
437,-122.08031745846584, -268.2082650691619
438,-369.6456058679409, -270.63003451796084
439,-621.9654506395841, -270.93459102222903
440,-237.38786043109994, -270.934210150391
441,-0.6916777595572918, -266.1716036145214
442,-571.694888339818, -266.8608607570301
443,-634.2727899183383, -271.8992682910424
444,-125.91941082412411, -270.732265201031
445,-124.9175278325277, -270.6751516190562
446,-244.65851770784295, -271.84451186247503
447,-370.5494076574599, -274.31145786061586
448,-124.96214859548158, -273.10444116506324
449,-124.34657250510998, -274.3115051934448
450,-125.79341987582644, -274.30333821882306
451,-125.2296107546944, -271.8658616567136
452,-245.36479049427936, -269.4784272190209
453,-0.9414855606834001, -268.2785473192951
454,-375.676174622, -270.77518698717336
455,-234.32170431441978, -266.9440005424127
456,-594.0043741898065, -267.26368588126616
457,-498.80530979231077, -272.21098108186794
458,-357.74531478663124, -274.5144335636229
459,-125.84050927492758, -269.9174483537088
460,-366.68147072904094, -272.30034126788695
461,-119.72916359233938, -268.40933929528467
462,-123.97376240807026, -268.3753890066689
463,-242.0685071196786, -269.5484973599367
464,-124.95850813607305, -268.3678795737731
465,-356.21295760930525, -267.0924526898086
466,-120.43825207332556, -263.0021471454363
467,-354.40407384660756, -264.1008953482566
468,-562.9194127273123, -268.46499692895
469,-120.29736893559826, -268.41075252752927
470,-125.44180073070814, -268.39728141537444
471,-0.8074666485200419, -267.13857134367476
472,-238.28734162456547, -264.29914189760603
473,-120.52641882947124, -264.2440450541947
474,-610.567355265624, -264.11547865823604
475,-242.9074517924746, -265.2780484490422
476,-126.99104274057072, -265.2631787693006
477,-366.29268247010236, -266.5326481297892
478,-1.0693375281596247, -265.31262545587356
479,-122.69201457017667, -261.81356069705276
480,-361.43285664788584, -262.98467950457155
481,-238.81714359158764, -261.6893204647991
482,-380.5329346259725, -259.21486755080923
483,-126.89052291052049, -260.45013414988284
484,-240.13174634367698, -260.393379154344
485,-127.92554680996409, -258.04619416582204
486,-566.2129345129385, -262.5056422179036
487,-123.25421913481837, -262.45179642875416
488,-241.7612332430334, -258.82600580135875
489,-121.05596814780904, -256.3363440218118
490,-124.5857185973353, -254.00433613456633
491,-125.73488770734329, -253.98010769249447
492,-124.0947217514865, -250.33506398747818
493,-126.25454723568015, -250.34719562921006
494,-125.38893054241561, -245.51878016709853
495,-504.2755994110971, -249.28874550964088
496,-126.31433451957828, -249.30918554731582
497,-121.55449847016143, -249.26514322338127
498,-243.47485076244112, -246.93568761573914
499,-3.250868999026459, -243.39246165150368
500,-128.6020936781222, -242.2812660047493
501,-235.79368909742752, -243.40030682019022
502,-540.2497568396448, -242.44154950873795
503,-514.3013042246563, -245.16674282288045
504,-367.77747856165894, -246.50573805192434
505,-127.99136621820145, -245.34445186116122
506,-493.19990486982465, -247.80398127127665
507,-244.4362301055074, -248.98267005855473
508,-240.9823420065834, -251.3776770026797
509,-124.0153069419689, -248.9163177643799
510,-526.5344526406442, -250.54875416071795
511,-127.70977731796334, -248.27158480379387
512,-127.37931428441534, -249.52622608399372
513,-491.12848187991625, -250.92319596441482
514,-3.627722570457546, -246.00828793310805
515,-122.1627006207696, -245.97345959123206
516,-126.24064874249412, -245.98463594984497
517,-242.85319856472293, -243.15318145818856
518,-125.7325493591905, -243.16871797950955
519,-370.37935663291927, -241.9869157494653
520,-127.72830155252205, -238.1312579716928
521,-3.375551140483512, -234.61393811128946
522,-561.3772093459719, -237.86699708613327
523,-243.67561627246033, -240.29756801101493
524,-570.421235531621, -240.70509427057408
525,-3.3479575279613747, -239.47113477487864
526,-125.89095515901917, -239.49066133508836
527,-128.40138739489697, -239.51063860549002
528,-253.5892004997679, -240.78151677785578
529,-122.76220067353155, -236.29916382857706
530,-242.342371854582, -238.71371262193142
531,-357.6174043916698, -241.0361575833952
532,-123.66074207098353, -239.85108553111934
533,-128.76814966194948, -239.8776196893699
534,-126.15004028628944, -239.91920583820334
535,-361.21924942972595, -242.29107988783082
536,-247.87582804094487, -239.66326398536899
537,-367.02289058054123, -242.11268971658973
538,-126.23336415898372, -239.67856729950014
539,-484.79270191420443, -238.30683981224632
540,-235.256789293553, -238.28552910087083
541,-364.89901023120734, -241.92760242558737
542,-241.83605901679252, -238.62901413235713
543,-125.71648428987058, -233.54345107607244
544,-129.03078099664268, -233.5745647777977
545,-240.35750891816554, -234.728964588654
546,-625.5405158890421, -238.53778457046602
547,-361.4005251333559, -238.44629574522492
548,-243.64696567244238, -239.6331439159946
549,-129.83826976959259, -239.68806088863937
550,-127.3007050746268, -239.70313374062738
551,-129.56276107411395, -239.74646524382158
552,-358.9370559897647, -240.88218789877644
553,-374.94303177785883, -244.62220336094822
554,-129.90366552860905, -242.16447827001429
555,-371.9190519589226, -243.54045174645933
556,-129.7587228021141, -238.89799523258245
557,-363.05354019767134, -237.54047753663602
558,-476.90203513577313, -238.73204474012738
559,-246.3834189474047, -239.93747383685215
560,-369.4508879004722, -239.96516800856648
561,-239.4655859777554, -241.16253223242063
562,-246.8674034359799, -242.39146864269972
563,-247.39696359324196, -242.44475320743535
564,-243.83686971916342, -243.63353682326627
565,-356.6464365937692, -243.63787161311092
566,-487.80574704840893, -247.31154656286174
567,-129.1627120113858, -245.0591329445095
568,-481.3983143911036, -244.24392196114744
569,-642.7255374715152, -249.46820364650662
570,-245.87381305089974, -250.67252376970856
571,-3.8573308055854065, -250.70302241127922
572,-385.43277431095254, -252.17447673814314
573,-352.8762092020679, -254.49797464186906
574,-247.5859593681552, -250.86816068289443
575,-0.10563815663285447, -248.440142546536
576,-0.15904126589203582, -247.17182253178916
577,-121.87778555775454, -244.7276735626657
578,-124.69563281361752, -245.96393651552026
579,-0.9967442017691903, -244.74698381183617
580,-369.9284477446428, -244.83193972280375
581,-124.95849733220643, -243.6933532602099
582,-119.18098380989288, -241.0798337520491
583,-126.42387986772003, -241.07516732162117
584,-378.93285758840227, -242.4631784340684
585,-238.25084356285393, -243.56643140159733
586,-119.19531677004353, -239.09625522416835
587,-498.9107340012491, -242.8528203728327
588,-125.46265728696292, -241.68983461327196
589,-242.18881236145793, -242.90116305540846
590,-126.10547089831093, -242.91636057841816
591,-124.64004278096347, -242.9054121291544
592,-242.36580809551145, -244.0881229925946
593,-497.9772083003845, -247.80534960324167
594,-125.80718236191947, -247.80953212143672
595,-242.4979748389133, -245.19175587571485
596,-245.68146404884632, -246.38542717100754
597,-507.5279569624072, -250.24516175592998
598,-245.37472200226165, -250.26416046832819
599,-239.461468652829, -252.62626646486623
600,-485.9087567101638, -256.19933309518666
601,-126.60124998720923, -255.1074087040845
602,-126.08191041711343, -250.96573023985914
603,-123.61737803553466, -247.05889097796793
604,-358.83632105292287, -246.96947940288058
605,-0.723646266158136, -245.69680220336014
606,-355.8509410298434, -244.32331256496033
607,-121.15217255793372, -243.09047198948463
608,-242.10016406196738, -243.10165021003843
609,-244.64589054560597, -244.3079560460748
610,-0.8877438029495216, -239.05148895769784
611,-125.49669700702826, -239.0293581545885
612,-373.6215783671541, -241.4917807954159
613,-124.74045982351153, -237.8279005748518
614,-124.84379059947153, -239.04006125514198
615,-0.6925964017850814, -237.82536021295215
616,-124.86896995617867, -237.81164342508902
617,-1.2838759862083577, -235.39595019930388
618,-585.0391963142027, -239.98901666885402
619,-234.2260943201538, -238.62748404572633
620,-125.72798520080094, -238.6074808822091
621,-360.280616452923, -242.17653153533348
622,-125.45607155395568, -237.81732015741335
623,-122.85031288812544, -236.60906712357
624,-126.11040940810926, -232.16595886233483
625,-363.0660019560194, -235.76313930661541
626,-122.62918980474684, -235.73052165307269
627,-497.75144870912976, -239.42402226621505
628,-128.6006531854973, -238.1741367930723
629,-372.34073740620016, -240.66992216039904
630,-2.784394310068839, -238.2743423849539
631,-125.4147016959327, -235.95231535799655
632,-589.2746507333976, -240.6084544446207
633,-235.79026576560756, -241.67867560565728
634,-489.8051492480359, -245.31522669527473
635,-3.328376385912874, -241.73631796483664
636,-126.88734597156119, -240.5264331441428
637,-506.9045328170929, -241.9252495665083
638,-243.31434056544506, -243.0960593305729
639,-123.34808047663591, -239.48161311619722
640,-129.40722327506117, -238.42311745601233
641,-3.5457990653785743, -234.80958534435402
642,-236.34222655297447, -234.7546470197158
643,-353.4001581564602, -237.03148375838168
644,-122.97558860078883, -236.97093183442314
645,-126.88593923629145, -235.83621613760442
646,-127.59914652004862, -230.8568024439145
647,-510.3126342020001, -232.34592353460093
648,-244.66745945631223, -232.35612847243962
649,-126.85712077883534, -232.3263169825321
650,-121.33583479778994, -232.26666827976365
651,-600.1338083539265, -236.9723787525618
652,-124.80441295900353, -234.6310523222542
653,-127.6584589524316, -232.15820659399992
654,-355.09507109043, -234.4101206496182
655,-237.86221269001783, -233.06955225692911
656,-121.84270925877783, -232.99039212149572
657,-120.7164092147708, -230.56702081166674
658,-3.1626250684095036, -225.8296267109931
659,-122.64901665227714, -224.59228268804182
660,-125.89009871697465, -222.1566747962069
661,-125.855443279228, -221.0205733692216
662,-3.0714324551043757, -218.58261365941286
663,-124.75687257318444, -217.35621274921223
664,-479.55991368100985, -219.71344318883072
665,-479.0628980265514, -220.9376078031585
666,-241.30856401621523, -218.47263597283654
667,-242.6536445643686, -219.60754529836638
668,-128.10423991766683, -216.07460455363204
669,-128.28902348924532, -210.93023941380932
670,-248.5797975133267, -210.9572992584336
671,-239.73714766874045, -213.3160974270652
672,-352.52361430416977, -212.98700582699735
673,-244.71594510217022, -211.90540318599835
674,-125.97431740238726, -210.68928676634067
675,-123.93206044448623, -211.92755098921918
676,-246.22574057173736, -214.38821798227767
677,-667.8699875810563, -219.8481400025107
678,-243.09551439692189, -221.03213881834378
679,-125.54537439029482, -222.27762512022898
680,-119.64350124442568, -219.77477565522685
681,-515.1872478221835, -223.67706316012664
682,-364.47717607096746, -226.13002508273735
683,-362.85606170833535, -228.4943469011435
684,-238.7243662956477, -227.0922619882159
685,-126.23669000559207, -225.9721204526433
686,-517.3048398903906, -229.9532156838468
687,-359.4947072067293, -228.5590554159016
688,-120.09326575548927, -228.50536150058684
689,-127.92761584505037, -227.36274953542278
690,-128.00366327146145, -227.38173145915428
691,-127.02978426652412, -227.4056288740099
692,-127.17506241461471, -226.25372141720095
693,-357.7618007920111, -224.8515673421172
694,-353.74209168761945, -227.13091643537416
695,-357.3761823276101, -228.27969851026114
696,-376.5919504454681, -229.58880337422735
697,-372.7649199048829, -228.2411730036521
698,-532.4391275396571, -231.11181705902607
699,-594.6809291345369, -234.66401166384316
700,-125.43315931027624, -231.05925568984424
701,-670.1602008158249, -236.49484519813043
702,-121.35897969094745, -236.4476158908688
703,-123.75076839192519, -236.4489497944327
704,-234.35063945490083, -235.2040929784525
705,-122.43415790940914, -236.42119809488497
706,-124.47763667828649, -234.10746505136945
707,-121.15883196160681, -234.10753164540617
708,-515.6419282026362, -236.84294928681288
709,-124.99890717374903, -235.64647945309426
710,-124.14913950416658, -236.87909341010644
711,-483.66498706838934, -240.46077631072004
712,-123.7367942094755, -237.96192846914323
713,-127.19077568924969, -237.98643162780067
714,-126.4184588219032, -238.00217831002502
715,-247.2462935602791, -240.4677152816099
716,-375.5055183540901, -242.97408076558904
717,-125.11857814545796, -244.21242778718155
718,-125.22768311295025, -239.614312655169
719,-648.6784127716126, -243.7588358396836
720,-3.434173801696514, -242.53589772569256
721,-125.94373462235725, -240.19252890738687
722,-3.233618029878684, -238.9703043721461
723,-125.33216096416885, -238.9951228529065
724,-4.000094095126826, -237.77401969977672
725,-501.23178580884417, -239.15567753830496
726,-125.4329003938364, -239.18371464419587
727,-4.131101630587048, -234.24751117341046
728,-486.8850089330299, -237.83035473088577
729,-239.78855304557226, -236.5048328872795
730,-588.7157922689887, -242.36414686686868
731,-369.33667173574247, -244.80336656726675
732,-534.4723372768769, -244.25534343270158
733,-129.4060266456314, -243.19150104150182
734,-3.859339789077462, -238.33204294691225
735,-246.84842893665163, -240.76724347241964
736,-243.28247512366784, -241.93119476394074
737,-366.25353318250876, -240.5246847675949
738,-245.86655176760294, -240.55020687961644
739,-361.5808850628196, -242.93253492547825
740,-481.434416469532, -246.45280685742296
741,-370.438545101704, -250.1217343177862
742,-2.4058944278112566, -247.78237099653458
743,-238.98202649539897, -246.63818967992395
744,-236.71518381248748, -247.77558563204096
745,-234.54643806328255, -248.8521906203109
746,-123.71785670772802, -248.81337772218768
747,-123.14471388400673, -244.94169851900776
748,-123.60239322442143, -243.73104785668886
749,-521.6686244676962, -247.67916289357746
750,-374.40900130301156, -250.20989455862963
751,-125.80183748153502, -245.46657484990573
752,-127.20092158947548, -245.49053993621047
753,-359.8889271816748, -247.81284461850285
754,-122.31456113703501, -245.48503951896896
755,-519.5446034969502, -248.30186342703823
756,-126.30548408863582, -248.3464911753368
757,-127.73962301691233, -248.4167233133582
758,-124.65576059371593, -249.6316546686113
759,-121.76961398117754, -249.6228606419003
760,-246.74749456015732, -250.83143460033213
761,-348.7621317993134, -253.060501485533
762,-127.69082604175497, -254.30669542139952
763,-355.02803857661297, -256.6094070814338
764,-355.5051500130216, -255.3688594447539
765,-239.23266957073108, -252.9705571601957
766,-525.6392216318662, -255.8138637363522
767,-127.67583136376471, -254.66408560434618
768,-495.5280170773689, -258.3383233759432
769,-128.34121815567084, -258.3388453226074
770,-245.6279706378318, -258.3093270538525
771,-122.87494038922237, -257.1407049810573
772,-124.94144341638057, -254.86488327217944
773,-375.0096445536495, -256.1678202666942
774,-125.70187352521636, -256.1650958279225
775,-123.0338777025363, -256.15611400050307
776,-241.13287155209792, -256.10518531030664
777,-126.37319334453679, -250.69021736794144
778,-5.766918631179684, -248.316931410284
779,-5.528067736575543, -247.11675834374685
780,-5.322399003822143, -245.9735473213408
781,-364.6309050904387, -244.46798389402335
782,-5.513434276004839, -240.87834647607372
783,-123.23309443608858, -238.48211680335123
784,-353.04842758086187, -239.6253574162034
785,-128.84364320097427, -239.6514269481572
786,-484.38296679494096, -239.32220821720267
787,-609.3186784504328, -241.8204479296397
788,-235.99449619806313, -242.97946023406544
789,-120.71594464400141, -242.90734352205493
790,-0.8854557074641555, -241.636161446415
791,-0.2913343594482299, -240.3687769473442
792,-485.58225009853254, -243.95284882418343
793,-125.20579570332775, -241.62728877329656
794,-486.3710181039149, -242.95357803745952
795,-638.4197917126528, -245.76401413130995
796,-126.10160506184548, -243.25911067747373
797,-120.12914427874561, -240.7327529212123
798,-358.353170708612, -238.9918933529019
799,-235.70063679794185, -235.40209042953597
800,-126.34161378445371, -235.41117497427774
801,-126.32385242478486, -229.97281149036735
802,-124.76674369709636, -230.00688913042887
803,-123.87060922432286, -230.00808753875285
804,-240.76212545092184, -230.07220239871305
805,-125.71490674818159, -230.10500988710072
806,-365.79510204671686, -232.51818454078503
807,-237.1007402902848, -233.6776036240718
808,-365.991603181148, -232.18110037385694
809,-494.02098517844854, -235.87132115390392
810,-119.83479392491365, -235.82817769811143
811,-0.9360851372674649, -231.0008886788002
812,-1.8967791472050677, -229.78248852817754
813,-126.88831599123176, -229.77946393119734
814,-353.464171116064, -232.04992105413893
815,-122.17591227003504, -230.7992172412365
816,-121.15918629765736, -228.2557539206722
817,-234.8087318583677, -229.3526554578013
818,-614.0293330349543, -234.2406719570213
819,-119.26059909902234, -228.9464938202954
820,-236.31021266058764, -231.27525420888432
821,-370.5177035292908, -233.72099389795366
822,-2.564137802027216, -233.71429909567513
823,-249.21564728270573, -234.9531339588605
824,-130.11933229103516, -236.21432634081958
825,-127.51522207408249, -232.47716070347192
826,-123.26283663044568, -232.45546006583805
827,-245.1058113270306, -234.86520716280248
828,-473.54909470818416, -234.73184802055405
829,-129.0851210659832, -233.62481370075812
830,-357.15630667346676, -231.30921884480293
831,-2.973537550119284, -227.64558750294665
832,-364.5200682885532, -225.94606481306343
833,-241.53692791111075, -227.0673738257182
834,-245.04527226333954, -229.47923315046083
835,-126.9712296956454, -228.2804611580508
836,-130.38212492365145, -227.15145765605064
837,-125.4293541001337, -224.74321586522686
838,-602.7564413015403, -228.31211476056626
839,-127.55012484233914, -225.97180715836146
840,-248.78085016264177, -223.64527149529255
841,-124.11658966157316, -221.18205194089126
842,-122.4229445699972, -222.38222244231315
843,-125.17168881137594, -221.24411906547292
844,-236.06138519261248, -221.23758107927418
845,-358.8153090504245, -222.48026978914558
846,-235.62022111129366, -223.59929343318123
847,-353.89269839434854, -225.90677327828467
848,-123.84686745780012, -225.90921802061843
849,-120.90800848916227, -221.90161186083307
850,-129.14383816066356, -219.44896022940958
851,-476.8141817836245, -222.9590836724305
852,-246.4357335904884, -224.15143179244063
853,-371.1323874140487, -224.26386639476436
854,-491.9468488935517, -227.96018927232956
855,-2.314103778322949, -222.78788427514326
856,-119.52703561412314, -222.72009979039814
857,-124.14976700899429, -222.684201230319
858,-1.2846306370398932, -221.45048993075224
859,-380.0437187252615, -224.03323097819305
860,-1.5638549604789551, -221.58139458219622
861,-242.77524793449504, -220.52152574354804
862,-234.97676621440885, -221.59438514527457
863,-493.16172600264815, -222.9757220195349
864,-375.25560890020415, -223.17322660840674
865,-353.1678521699538, -224.31257843439897
866,-121.21298563482844, -220.26831607442858
867,-125.19473028963083, -220.24350506368725
868,-507.31300729607784, -220.36135496587434
869,-0.2531674804822377, -219.08047445912248
870,-351.30313332432087, -220.13722608598735
871,-371.6957834463478, -222.62543451655856
872,-235.76903964881762, -223.73371047888295
873,-126.33729603582361, -221.2469869937047
874,-748.8352366187785, -227.47832062464036
875,-236.64695570311198, -228.61445140464613
876,-232.84786742094, -228.53160136333454
877,-242.1676447429435, -229.6895458773186
878,-0.20832748428951622, -229.63395996584967
879,-504.39515509527916, -234.6226308394367
880,-358.1583608701658, -238.15099045810013
881,-124.65325142161062, -235.7512139214119
882,-239.26292193325725, -238.08870879798442
883,-579.4318517901537, -242.65069637152504
884,-0.09732611643045912, -239.12118535688074
885,-0.6626535520025338, -237.83937546039098
886,-124.69537826667658, -234.24249957510835
887,-125.06276632699982, -229.399940453874
888,-240.36369405035057, -229.44363243239687
889,-234.56205439491404, -230.58209352990607
890,-361.048973254364, -234.18372870537507
891,-233.8075271016704, -236.5188906327973
892,-126.07732599810224, -232.92384139179302
893,-237.2211069011617, -234.04399450377136
894,-0.47204720041809917, -229.1850047947364
895,-0.21803417709337272, -222.80298721938078
896,-237.5756764931546, -223.91772793369387
897,-124.47488028553263, -223.96118529376173
898,-124.43466120554399, -221.6220001987311
899,-233.49017793788798, -221.59989561013052
900,-121.78599497084676, -221.55433942199446
901,-119.70842975777047, -221.48818519532432
902,-473.9895639715415, -224.98041339806878
903,-357.72622290876586, -227.3189695349132
904,-479.34350055337785, -229.70478328593776
905,-122.74666720643387, -229.67510089052027
906,-600.0271111876326, -232.01742098192938
907,-119.21027558048235, -230.83851633483135
908,-119.33487410924157, -228.37194904411228
909,-233.63006095213717, -225.7680398018492
910,-119.44697759112711, -225.76416163851135
911,-126.2818818246642, -227.01761960538533
912,-1.98763267212059, -227.0185281406345
913,-503.82514285439265, -230.78789640926604
914,-127.6839280485312, -228.53009397859074
915,-1.9377354489450387, -227.32771221037984
916,-232.22016081404428, -228.43832195554373
917,-239.11246453931898, -228.48135928235322
918,-127.17065324607117, -223.61277248446436
919,-472.8975826284302, -227.14914231975845
920,-128.55554553340824, -226.07159564848666
921,-126.46549371956654, -223.6310735503894
922,-237.22119570368335, -225.97764412940597
923,-354.6134785038108, -227.03162244161703
924,-2.4772529002957517, -225.7552016477096
925,-3.5451887573079826, -224.5155013145419
926,-122.75977119376785, -224.51047066017512
927,-127.68150149652811, -223.33622756187006
928,-371.11502791154555, -222.31188689390373
929,-125.8816456519896, -222.2798521397638
930,-126.65925490301186, -219.97488162205923
931,-125.82080290292865, -221.20335427558734
932,-239.6245994227474, -219.95439958692924
933,-248.62751710621743, -220.02530547888034
934,-5.305781829355323, -217.62791057454052
935,-486.23451819452913, -221.22054345952932
936,-129.40126563266188, -221.21073486661945
937,-128.6871564954625, -221.24331289057275
938,-612.0450446944731, -221.33619892450207
939,-125.13913176249318, -221.3120889937036
940,-242.95271007534998, -221.25380759283075
941,-494.48411871299527, -224.95748288334497
942,-505.36503631379236, -228.78690380078288
943,-3.616475783684715, -227.57135167050598
944,-124.48161384321475, -226.45555395701197
945,-129.27998402794552, -224.16020070678718
946,-126.2501000404429, -223.06649949607868
947,-128.83786857888245, -220.815951197924
948,-352.6864922959661, -223.1043474463056
949,-482.26543853778037, -226.71792174679183
950,-128.69525158921192, -226.71343588107732
951,-3.6365256956730625, -221.9816593201978
952,-126.86480201976322, -220.7859500044905
953,-125.20996516873961, -218.32672578203744
954,-126.39220234093509, -214.67117931651129
955,-3.171349913978273, -214.67975177786784
956,-238.18981420969317, -215.86637956382353
957,-540.5610334188323, -220.03049222792188
958,-119.0523883201715, -221.20816980475323
959,-128.92999980575067, -218.69703261555816
960,-245.10242135167053, -221.13241827947004
961,-357.42181923159325, -222.27888399244105
962,-120.19066081466468, -221.1310229384436
963,-121.49397124146489, -217.41434539083173
964,-363.799135587094, -217.2997806577006
965,-241.05542203081615, -216.17865635630926
966,-236.7676606680579, -217.33420310664155
967,-128.010579236906, -217.3623615961143
968,-234.71975513081455, -214.63642907446172
969,-125.41797552900063, -215.88807715494696
970,-124.34587742167624, -213.61850459592048
971,-360.56496583180245, -213.50719641977506
972,-469.3138308913928, -215.84264433220076
973,-124.5426579714107, -215.82469795155663
974,-0.1507787828231321, -208.33785337319702
975,-483.14594112419445, -210.80284322740786
976,-126.71751677797693, -209.74153972097827
977,-125.72079326882148, -208.57707120623706
978,-242.03945731452703, -210.99538250453944
979,-508.546259724046, -211.03689355082707
980,-558.074455535441, -213.03605449747985
981,-126.83579660798594, -213.0578799493436
982,-0.6540428984414065, -210.67179115899543
983,-122.23949841753591, -206.09986762526924
984,-355.64264445193595, -209.6553208086243
985,-126.3831633196798, -210.91252590630108
986,-118.96967707141755, -210.85526889434848
987,-522.8198450287155, -214.8328396813656
988,-349.0001607423528, -215.91920434828563
989,-124.99887604875896, -214.8235725648241
990,-372.9547627711339, -214.9426304599918
991,-476.25235852219237, -217.36707877419707
992,-126.73121494925999, -217.3736176637086
993,-126.24542265033197, -216.26386082120035
994,-120.34211061757168, -217.46256145537183
995,-476.09249512274147, -222.22130606482835
996,-239.4430157521821, -222.2399794574186
997,-124.03783513546325, -222.2356090059179
998,-355.61968704156715, -224.54745926427816
999,-348.78361179152324, -225.70039360281447