0,-99.01769307483617, -99.01769307483617
1,-92.97712506689741, -95.9974090708668
2,-94.09692616332799, -95.36391476835387
3,-93.36892844289159, -94.86516818698829
4,-118.37226312866191, -99.56658717532301
5,-93.04839772849371, -98.48022226751813
6,-95.722158319105, -98.08621313203055
7,-118.63502587383334, -100.65481472475588
8,-136.3869554399626, -104.62505258200106
9,-104.08548105301708, -104.57109542910266
10,-103.77918907421454, -104.49910394229465
11,-106.55231125110885, -104.67020455136252
12,-106.20568520554403, -104.78831844783802
13,-102.6740626973429, -104.63730017994551
14,-106.55647701784783, -104.76524530247232
15,-103.15787889687842, -104.6647849021227
16,-106.72813153785715, -104.78615823363648
17,-106.46263986007558, -104.879296101772
18,-106.86177666910241, -104.98363718426307
19,-106.68380841497208, -105.06864574579852
20,-106.0415408121186, -105.11497408228995
21,-106.81369213713582, -105.19218853932838
22,-106.53457325516703, -105.25055309219093
23,-106.70209736709484, -105.31103410364528
24,-102.23069870102778, -105.1878206875406
25,-106.7365112460684, -105.24738570902242
26,-105.33020663782085, -105.25045315082978
27,-106.63005699068867, -105.29972471653903
28,-102.32390027596925, -105.19711008065732
29,-106.89024125894284, -105.25354778660017
30,-102.18733767799598, -105.1546377830968
31,-102.30250741569884, -105.0655087091156
32,-102.30697674500135, -104.98191683141518
33,-106.59541400792511, -105.0293726307243
34,-106.78094301255234, -105.07941749877652
35,-106.43938337412476, -105.1171943286473
36,-102.96002424851122, -105.05889243458957
37,-102.41211646160173, -104.98924043530042
38,-101.90139332654078, -104.91006486840915
39,-102.33478338985641, -104.84568283144532
40,-103.33191940277194, -104.80876177220937
41,-102.49705826372592, -104.75372121248358
42,-103.19501854533392, -104.71747231324754
43,-102.18849066232579, -104.65999545754477
44,-101.77575776684719, -104.59590128664038
45,-101.47535513237119, -104.52806332676496
46,-102.06488583371416, -104.47565529499794
47,-103.23392884500574, -104.44978599395643
48,-102.6325904660405, -104.41270037093774
49,-102.75887140776217, -104.37962379167422
50,-101.22530206624171, -104.31777434607751
51,-102.86514888288205, -104.28983924101605
52,-102.31506084331745, -104.25257927124815
53,-103.15713042647702, -104.23229318153017
54,-102.59913301890901, -104.2025993603916
55,-103.01112673555004, -104.18132306351946
56,-101.21282794917313, -104.12924420186427
57,-102.75448064440116, -104.105541381908
58,-102.28262001558952, -104.07464440959752
59,-101.88814365777311, -104.03820273040044
60,-101.4493513734651, -103.99576254422118
61,-102.51994783681197, -103.97195908119845
62,-102.28092834751806, -103.94511732352099
63,-102.60031802741625, -103.92410483451934
64,-102.6274170470958, -103.9041557916359
65,-102.1018646430907, -103.87684834999128
66,-101.76095994533536, -103.84526792604119
67,-101.08761252304726, -103.8047141701148
68,-104.52816269040605, -103.81519893127845
69,-102.68421075609389, -103.79904195734724
70,-102.44763421046237, -103.7800080454193
71,-118.77659850188346, -103.98829402398127
72,-113.09885344785638, -104.11309620786997
73,-127.47600902384023, -104.42881124592364
74,-129.3503870694842, -104.76109892357111
75,-102.30824185355007, -104.72882448843926
76,-103.52204202176134, -104.713151988872
77,-104.66706525046627, -104.71256113325141
78,-100.78708051395851, -104.66287150515912
79,-174.11838134756562, -105.5310653781892
80,-132.44467431113, -105.86333215513908
81,-105.29384864669169, -105.85638723430435
82,-104.24355689571364, -105.83695554347796
83,-100.914792513938, -105.77835836455486
84,-102.02059798649451, -105.73414941893063
85,-105.26485099207237, -105.7286924604788
86,-133.60912098023235, -106.04915715610815
87,-138.9267551492496, -106.42276622421201
88,-133.9600296134334, -106.7321736780235
89,-101.97947195637661, -106.67936588111631
90,-130.54174085235658, -106.94158978189917
91,-135.32219248236777, -107.25007459386079
92,-133.77765271725258, -107.53531736938113
93,-137.88024688006692, -107.85813576843098
94,-142.77092691481238, -108.22563883312974
95,-132.12324586531147, -108.47457223971493
96,-128.27977202325314, -108.678749557071
97,-126.24336264671882, -108.85798030288375
98,-104.6783478107589, -108.81576179286228
99,-122.06895786465083, -108.94829375358016
100,-100.02838010266237, -108.95840062385844
101,-103.74303127275532, -109.06605968591701
102,-104.28937659834202, -109.16798419026715
103,-102.55604675932663, -109.25985537343149
104,-100.00828978239932, -109.0762156399689
105,-100.66570413788098, -109.15238870406273
106,-100.97066142044899, -109.20487373507618
107,-101.7235481211301, -109.03575895754915
108,-100.2120779508433, -108.67401018265797
109,-101.78486089437268, -108.65100398107151
110,-105.20558206915234, -108.66526791102093
111,-101.45635248441621, -108.61430832335398
112,-99.81157015587513, -108.55036717285728
113,-102.85264377929519, -108.55215298367679
114,-104.1693586012181, -108.5282817995105
115,-106.98658861448429, -108.56656889668655
116,-103.03934731616515, -108.52968105446966
117,-101.17459510278019, -108.47680060689669
118,-106.06453771819484, -108.46882821738762
119,-107.85675016952305, -108.48055763493312
120,-108.80894028880944, -108.50823162970003
121,-118.45565585285364, -108.6246512668572
122,-102.12446144241001, -108.58055014872963
123,-112.5619605469412, -108.63914878052809
124,-106.53997104617518, -108.68224150397957
125,-143.65857269476106, -109.05146211846652
126,-140.87739349245282, -109.40693398701282
127,-98.52766361863236, -109.32591005329225
128,-108.88755598017015, -109.39154661033426
129,-106.38522654072196, -109.38649646315206
130,-92.90664345149436, -109.29368952088704
131,-129.3958294418833, -109.56462274114888
132,-152.7666172014475, -110.06921914571332
133,-143.94866774778998, -110.44275168311201
134,-99.48627542605189, -110.36980500724698
135,-108.81299670841732, -110.39354114058992
136,-99.53832339070551, -110.35932413201185
137,-106.76153404371192, -110.40281830783294
138,-102.46872523973323, -110.40849162696486
139,-97.08077145802602, -110.35595150764655
140,-107.35638367131352, -110.39619615033197
141,-104.16473189834505, -110.41287288667816
142,-102.13040892872463, -110.40222679051209
143,-193.21809276085094, -111.31252281149733
144,-103.92971447087452, -111.33406237853762
145,-98.59346297630668, -111.30524345697697
146,-108.47384542339978, -111.36933305287384
147,-102.57756823929027, -111.36276944681667
148,-100.07221811730352, -111.33716572332932
149,-102.10947761625361, -111.33067178541421
150,-113.17323155675705, -111.45015108031939
151,-117.7377848025163, -111.59887743951575
152,-106.54436128889459, -111.64117044397149
153,-106.69032726731771, -111.67650241237989
154,-105.546095058222, -111.70597203277302
155,-115.23005611921101, -111.82816132660963
156,-100.62667432203206, -111.82229979033822
157,-109.1129857705788, -111.8858848416
158,-95.51301306178856, -111.81818877206199
159,-112.82206863209792, -111.92752802180524
160,-105.79619583143852, -111.97099646638499
161,-111.73937331747202, -112.06319072119159
162,-106.38078555618412, -112.10418929327825
163,-111.08854945083087, -112.1890716075124
164,-99.30906669182517, -112.15588810395968
165,-101.13899590019199, -112.14625941653068
166,-100.17890191344358, -112.13043883621178
167,-99.15648073699326, -112.11112751835122
168,-101.24127224422557, -112.07825861388943
169,-101.80468913950337, -112.06946339772352
170,-101.57389831149392, -112.06072603873385
171,-100.62920225104938, -111.8792520762255
172,-103.1372435361414, -111.77963597710834
173,-102.49470063342899, -111.52982289320421
174,-98.43863326897161, -111.22070535519912
175,-101.01636459086028, -111.20778658257221
176,-105.62940309093955, -111.22886019326397
177,-101.33021700391919, -111.1954917107985
178,-100.58536199472907, -111.19347452560622
179,-101.62822017773489, -110.4685729139079
180,-99.69205989485094, -110.14104676974513
181,-100.3261445796887, -110.09136972907508
182,-102.08770126002841, -110.06981117271826
183,-110.69545282036191, -110.16761777578249
184,-105.35878792139391, -110.20099967513148
185,-100.3622836873401, -110.15197400208413
186,-100.28495744738045, -109.81873236675563
187,-100.40279676263997, -109.43349278288956
188,-102.17824576818445, -109.11567494443705
189,-103.81577079229429, -109.13403793279622
190,-98.98215714420688, -108.81844209571473
191,-97.10429973978302, -108.43626316828887
192,-102.1911498384308, -108.12039813950067
193,-101.92482093438258, -107.76084388004381
194,-103.157460034227, -107.36470921123795
195,-114.00331827074103, -107.18350993529224
196,-101.13198806672419, -106.91203209572696
197,-99.04088823210262, -106.64000735158079
198,-115.00286299259402, -106.74325250339916
199,-114.37962846759149, -106.66635920942858
200,-105.57689417133108, -106.72184435011526
201,-101.12716497060532, -106.69568568709376
202,-104.91667657393651, -106.70195868684971
203,-100.40617191922107, -106.68045993844864
204,-106.69612983650218, -106.74733833898968
205,-98.76062470162411, -106.72828754462712
206,-124.95146537981182, -106.96809558422075
207,-107.99231923016968, -107.03078329531114
208,-99.59561403153279, -107.02461865611805
209,-103.29715156858228, -107.03974156286013
210,-99.83200381798235, -106.98600578034842
211,-105.15537766816963, -107.02299603218594
212,-98.72490086310108, -107.01212933925822
213,-108.97448767387309, -107.07334777820401
214,-103.42515525533135, -107.06590574474512
215,-113.43155660178472, -107.13035542461812
216,-101.68118599182927, -107.11677381137477
217,-94.74358813993136, -107.05246374174627
218,-132.43362504284642, -107.3161546149928
219,-97.79035650659601, -107.21549067836351
220,-119.93356176337105, -107.32673689310914
221,-98.2399992717045, -107.12458032729762
222,-120.42912453488758, -107.30762695822243
223,-122.91168805970563, -107.41112423335005
224,-102.44788183761823, -107.37020334126447
225,-103.36475779421441, -106.967265192259
226,-94.68143393716589, -106.50530559670617
227,-84.08057820612193, -106.36083474258105
228,-91.45113364425923, -106.18647051922197
229,-135.68568614610035, -106.47947511527576
230,-137.8551581850201, -106.928960262611
231,-131.4196520652615, -106.9491984888448
232,-126.5200276037821, -106.68673259286814
233,-124.61637465373985, -106.49340966192763
234,-127.03041234519208, -106.76885103111903
235,-99.21974405805642, -106.67291850461542
236,-113.33865712221403, -106.81092184193051
237,-110.16276994868616, -106.84493420098026
238,-120.35194119029022, -107.02376636048581
239,-127.21929825200833, -107.32515162842564
240,-131.25033619564394, -107.56409115366894
241,-155.44779188558272, -108.07692175354134
242,-133.88518637734967, -108.39446952802757
243,-73.17982682705588, -107.19408686868962
244,-85.33529988217813, -107.00814272280265
245,-93.81013977109517, -106.96030949075052
246,-96.13865581453095, -106.83695759466185
247,-104.39187167167168, -106.85510062898567
248,-94.87134950141112, -106.80309194282674
249,-109.2292794132034, -106.87428996079623
250,-95.0872293060068, -106.69342993828873
251,-95.35830065709229, -106.46963509683448
252,-93.28070088146067, -106.33699849276015
253,-115.51507952314739, -106.42524601531845
254,-92.92872584840966, -106.29907232322032
255,-94.17923645772599, -106.08856412660548
256,-89.39341355489628, -105.97623151893413
257,46.87709867029565, -104.4163306745254
258,-135.90821934469665, -104.8202827373545
259,-154.94223517386865, -105.24148440277219
260,-156.75321183059802, -105.75105456276377
261,-121.6453489246685, -105.85011431883574
262,-124.00809598721251, -106.026387423146
263,-88.9144948477566, -105.80464687711526
264,38.06474334418285, -104.43090877675519
265,-79.24948973099082, -104.21201371506318
266,-105.3875627109545, -104.26410032303829
267,-113.82026510950364, -104.41073816676338
268,7.358003631591779, -103.3247454080052
269,-113.78658560162349, -103.44456437262639
270,-99.66503003300416, -103.42547568984149
271,-102.97965498079483, -103.44898021713897
272,-112.48684906052425, -103.54247627238277
273,-120.55548111914223, -103.7230840772399
274,-143.01461769374836, -104.16884392148768
275,-117.33880030903438, -104.33206827866945
276,-104.37820017983269, -104.31955624955837
277,10.102904186922439, -103.20522503764998
278,-62.40714312855694, -102.82344284898825
279,-151.9239324727804, -103.32639997193871
280,-107.96420699808188, -103.40912144297101
281,-119.65501620992393, -103.60241015927336
282,-119.73455672866913, -103.77887871395977
283,-55.255112706803594, -103.22447531282418
284,-103.84174627799044, -103.20930489639015
285,-97.31907731859573, -103.1788728327027
286,-3.924919125111144, -102.21527244948
287,-1.9069106318801838, -101.23031358817241
288,87.82619930626389, -99.33026913742793
289,167.58663123310595, -96.61624511717393
290,138.09810963775223, -94.24544244935433
291,-57.075430687035166, -93.84515375882684
292,-37.42614150119143, -93.19750367545444
293,-6.402149327460661, -92.24227695938524
294,54.95484550004577, -90.66115390404251
295,190.89172505880666, -87.612203470747
296,183.1021042517853, -84.76986254756191
297,132.62315527955568, -82.45322211244533
298,146.98449359010348, -79.83334854661835
299,182.10581861361567, -76.8684940758063
300,189.74033086816365, -73.91532182541135
301,-78.30364546423529, -73.68708663034765
302,-96.19518368057348, -73.59987170141403
303,152.7943254994112, -71.06786672722771
304,-96.22078163348324, -70.9631132451975
305,172.9518260339588, -68.24598873784169
306,191.86607743215237, -65.07781330972205
307,246.30297330906458, -61.534860384329704
308,-62.69372991661352, -61.16584154318051
309,248.21840969135366, -57.650685930581155
310,247.70314900396298, -54.17533440236171
311,253.737864981825, -50.586401975861776
312,-121.24961338692219, -50.811649101099974
313,257.08659059883803, -47.15103831837287
314,-93.90851683436955, -47.05587193416324
315,259.621028425655, -43.325346083888846
316,261.4402546265807, -39.694131677704746
317,264.8179312228697, -36.09851648407673
318,259.2470410422463, -32.18170982322581
319,275.5304108968327, -28.44850214919152
320,-60.825173158364976, -27.857418263141454
321,265.5561463972897, -24.219456806451518
322,267.21643201554025, -20.34300124094724
323,270.9235976034108, -16.404648384316072
324,125.16616591621485, -14.12850790677774
325,270.35147062729897, -10.391345622562607
326,267.9278892616865, -6.765252390574085
327,270.4327975574386, -3.220118632938481
328,275.6504425695864, 0.45089712919997393
329,275.78493235314414, 4.565603314192419
330,274.8240309622259, 8.692395205664877
331,272.7311669665509, 12.733903395983004
332,272.9968159952088, 16.729071831972913
333,274.0616154002701, 20.715851732513016
334,275.2286234241497, 24.73844209020643
335,-50.0766006489545, 25.229873524297453
336,148.19177432127609, 27.845177838732358
337,101.64203956005534, 29.96322593381977
338,61.20549606094252, 31.778800306332105
339,-33.96958517129629, 32.71129743713922
340,266.5485636350613, 36.68928643544628
341,45.37129053339743, 38.697477259636074
342,-30.064310002425742, 39.73568602338531
343,274.38430566750236, 43.2113273483309
344,279.13326467551076, 46.85601299390779
345,278.53914531895435, 50.57950584480828
346,272.7385195040199, 54.26827759799378
347,273.49280026083295, 58.04712431731883
348,278.48143731211906, 61.78065218545413
349,284.7621578563764, 65.72056655814993
350,281.5651537199755, 69.48709038840975
351,278.24788943279924, 73.22315228930869
352,282.89645396156345, 76.98492383773892
353,273.0831048286648, 80.87090568125704
354,277.4702523671628, 84.57489546341276
355,276.68120713366454, 88.28349989932666
356,269.7849856487437, 91.87528389136307
357,271.5920603239839, 94.12243350789997
358,280.9804156007714, 98.29131985735465
359,277.09059417979836, 102.61164815089133
360,277.00497812304087, 106.9492300504277
361,277.0543782787989, 110.93622732246239
362,276.3870050411533, 114.94017833274603
363,278.55768017468966, 118.6149000829705
364,279.022308065445, 121.02447573018311
365,278.35843417255114, 124.60055496921852
366,277.58418285563704, 128.43027242488444
367,282.4568393685181, 132.39304346966463
368,282.1338472578956, 135.1408019059277
369,283.16011048969386, 139.11026886684087
370,284.33599518252294, 142.95027911899612
371,285.8658993238756, 146.83873466204284
372,283.749266130259, 150.80109581395067
373,284.2559019379516, 154.8492096445216
374,285.9045165572234, 159.13840098703133
375,-1.6429622155837222, 160.29535936796586
376,289.8522152722867, 164.23766352248703
377,288.5072825596491, 167.02170730621435
378,286.02693849078645, 170.50604812240775
379,-19.22274022661702, 171.83306004486937
380,90.86982069232207, 173.82140032177344
381,285.7453693075716, 177.8754041769484
382,289.5629204951022, 181.96837894918608
383,284.7889624998652, 185.3688197012528
384,279.99590012589084, 189.2071961652916
385,286.6474498570456, 193.046861437048
386,289.79990289273695, 195.98410965722647
387,-138.79046189689885, 194.6152741445763
388,-184.45998653341954, 191.89241228617942
389,-242.779803097206, 187.7887479428763
390,-147.00550687800722, 184.93771177771876
391,-152.0680178831561, 183.9877859057575
392,-120.01014028327353, 183.16194591793672
393,-146.25046143993177, 181.76346279681198
394,-145.1697763755539, 179.76221657805598
395,-149.01554926587207, 176.3631438348092
396,-174.86524542221923, 172.78347033806915
397,-173.7573721058201, 169.71966506421538
398,-171.27566596216545, 166.53706346869274
399,-175.7705897023381, 162.9582993855332
400,-188.3713878285978, 159.17718219856556
401,-178.27287868084733, 158.17748986639944
402,-110.6894905701379, 158.03254679750378
403,-121.45190000512638, 155.29008454245843
404,-168.537453995207, 154.5669178188412
405,-104.79766982183419, 151.78942286028325
406,-171.88958981080643, 148.15186618785367
407,-119.47959632314462, 144.4940404915316
408,-107.37278372111791, 144.04724995348656
409,-151.63023099517144, 140.04876354662127
410,-156.67225061276585, 136.005009550454
411,-166.7504825294156, 131.80012607534155
412,-26.91198560904651, 132.7435023531203
413,-158.41639325904475, 128.58847251454148
414,171.33926417160458, 131.24095032460124
415,239.22036671702278, 131.03694370751492
416,254.70638863380736, 130.9696050475872
417,265.01667911613225, 130.97159252651983
418,272.57940806814395, 131.10491619677882
419,269.779503172077, 131.04740711953124
420,262.5740696419968, 134.28139954753485
421,259.28057509032624, 134.2186438344652
422,275.3870080233371, 134.30034959454318
423,127.40575610703615, 132.86517117957945
424,284.0950437560129, 134.45445995797746
425,286.4275883554885, 134.61522113525933
426,281.42716807400495, 134.75021392338252
427,172.96229620871992, 133.77550890989534
428,287.9792845782713, 133.89879732998216
429,279.54444150936763, 133.9363924215444
430,276.1300758651582, 133.94945287057374
431,277.7597532543168, 133.9997387334514
432,281.9655677234091, 134.08942625073337
433,283.1841518420163, 134.18065161515085
434,288.5244847855876, 134.31361022876524
435,292.2818018908165, 137.73719425416297
436,286.32508184431396, 139.11852732939332
437,281.5825973230812, 140.91793290702356
438,284.7909976601864, 143.153787923016
439,287.38323758118577, 146.36731615054083
440,286.9371974691432, 146.57120248888165
441,287.67649355429387, 148.99425451909062
442,287.92654042647393, 152.17416302337963
443,289.5731726568618, 152.3260516932732
444,289.92839587395866, 152.43400300525767
445,292.8852061149878, 152.57746361321801
446,289.1932826212333, 152.74201124439017
447,290.980534795836, 152.91688858974018
448,287.4644268094756, 153.0067184847138
449,294.0309293662126, 153.09940619981214
450,291.7670600195667, 153.20142526280804
451,298.3471526138983, 153.40241789461902
452,-24.66161986175672, 150.32683715638584
453,103.33244601644648, 148.6293305682636
454,289.55862444761533, 148.75021428906817
455,294.1596819461536, 148.92499903719303
456,293.36525259370666, 149.1608017066427
457,288.8730044952346, 149.33361114835517
458,66.66834273753935, 147.1904904197229
459,291.45812113260837, 147.33416568925097
460,293.08622760628765, 147.49497818408344
461,300.38967475998794, 147.72833114889534
462,296.20096175583416, 147.92647071604213
463,300.8515277528931, 148.14940919182416
464,298.41225695590873, 148.34330868072882
465,301.80962750452693, 148.57782061404856
466,296.3236624943771, 148.76521541043599
467,292.5688108003419, 148.86633512475422
468,285.6238356941831, 148.90123500911707
469,289.9720900731001, 148.96935480495114
470,292.35337490964594, 149.04952860222238
471,287.3039370127442, 149.06390897911106
472,292.01128352978714, 149.14652915310634
473,290.0741543144097, 149.20471167687094
474,298.2062210760338, 149.32772872205905
475,297.0398885613527, 152.3145572298284
476,293.7146757623928, 152.35318183472944
477,299.94837289959025, 152.46759273812887
478,299.42162351582556, 152.60153958837924
479,299.93901147793116, 155.79315710542474
480,295.9702354818291, 157.8441612533198
481,292.07866601496744, 157.90749422039377
482,294.0716468108737, 157.95258148355148
483,299.1688571719454, 158.0963804302723
484,296.8174832964909, 158.26459626197828
485,298.8364355482337, 158.38648611889016
486,299.7095972905721, 158.48558306286853
487,296.285774789819, 162.83634542973567
488,292.97022774738036, 167.61064757254368
489,299.58246618329287, 173.0342702653487
490,294.4388658874811, 177.4487139930036
491,295.6822518539497, 181.92621669037462
492,297.5390137524803, 186.10170823073216
493,297.93228042171324, 190.5435356493486
494,299.5236550237322, 194.9904699633414
495,298.92826363663556, 199.46990809236652
496,302.76252766037686, 204.24618582319246
497,300.1859515195152, 208.98561905944587
498,300.21978703107743, 213.70057358937828
499,300.48207212688857, 218.46310020767055
500,301.03528485621484, 223.35716693451866
501,298.8977482236952, 228.12887320356407
502,297.41604584064385, 232.2099285676719
503,296.3457622681694, 236.3879051904049
504,299.2324707491282, 241.06560443784824
505,297.40629814298387, 245.0876441174964
506,300.9249446293783, 249.8157894618983
507,304.83455573688207, 254.05893098249854
508,303.7237206749578, 258.1698960264593
509,299.1122120036148, 262.67732045644715
510,298.66571194720757, 267.2307000820469
511,300.3081930163856, 271.9012868375049
512,302.7724213049848, 275.19813090664525
513,300.70969071989657, 279.7893917464346
514,303.73513624167606, 281.1133504671354
515,303.7589034540821, 281.75873583450596
516,302.4167519016413, 282.2358394671843
517,303.2719127728545, 282.61839180375154
518,304.8127480560355, 282.94072520363045
519,302.12908851500544, 283.2642210570597
520,302.4883317536288, 283.66336367817604
521,303.78076070589253, 284.10836553433165
522,303.60238333385695, 284.3905192874369
523,305.2573403657272, 286.1690351300238
524,305.48698519322176, 286.3829545443959
525,300.657421637793, 286.5252528772189
526,305.29658279334564, 286.7639470244123
527,298.02143864617153, 288.0145384487868
528,298.4067275080935, 288.118812878085
529,293.96828375266506, 288.263051300518
530,299.696674612095, 288.4987172879874
531,297.73720725383197, 288.6984918279825
532,297.1446598215295, 288.8502827489637
533,302.57029078312536, 289.04414413837486
534,300.5574040611954, 289.1644733311309
535,302.9649581100807, 289.2713048933236
536,301.8350807426666, 289.42640488230705
537,303.12975395085954, 289.64187644858487
538,305.2515880744357, 289.8464823527274
539,304.58865698591393, 290.0185365467746
540,303.78114599556665, 290.1869760320389
541,303.66437141407226, 290.34685481063667
542,301.1312679849464, 290.4789020862214
543,304.0972404095681, 290.62414276374847
544,296.45407580213396, 290.68939956303024
545,300.35330660889434, 290.7640805679693
546,297.8938117847377, 290.8510858596043
547,297.5875318701926, 290.91715583034784
548,300.4743855829444, 291.04725541808256
549,301.3804063345767, 291.1207501877663
550,301.2928360508728, 291.21600794807927
551,300.2222650266092, 291.23475907220643
552,300.037351432988, 294.48174878515385
553,302.9147973102857, 296.47757229809224
554,304.42455467199636, 296.62623160033604
555,304.08218070588686, 296.72545658793337
556,304.7145000923606, 296.8389490629199
557,301.09051572540125, 296.9611241752216
558,300.5685041307707, 299.30012578915387
559,296.41399122946905, 299.3496844901225
560,300.5866067478279, 299.42468828153795
561,299.5094088772098, 299.4158856227101
562,293.61106705992285, 299.389986675751
563,303.1983661875965, 299.41345506009804
564,303.9435543651882, 299.4687680341909
565,305.540806797102, 299.5060798271166
566,304.1866850694605, 299.5847100528674
567,304.18092020344505, 299.70083114689845
568,303.0616396520767, 299.8752091864774
569,305.2393536701813, 300.02788182244825
570,302.14262242278267, 300.1257742975796
571,301.2407581206565, 300.2651425086587
572,301.30203494561505, 300.358050022817
573,297.40023894367687, 300.43131086910967
574,296.36671964228674, 300.41291585477217
575,300.3020399730782, 300.4455373688894
576,191.46128260741284, 299.42300343733956
577,115.64594740688239, 297.57997918241256
578,297.8017480585574, 297.56378042783984
579,299.0057072204846, 297.55444738526535
580,302.0744946718668, 297.6154899771658
581,298.31507862377265, 297.6778541032538
582,297.1933455078636, 297.7090710902237
583,300.75275466494577, 297.7249100651537
584,301.9564223136602, 297.77629945532544
585,301.53512646017566, 297.80328636444483
586,300.9192814659154, 297.81538320619825
587,303.587538477421, 297.8884008430743
588,302.7990866193784, 297.9866894317943
589,301.67656157480036, 298.0076303857093
590,304.0520200544273, 298.10376192737886
591,303.498451454203, 298.18192392338136
592,301.1818748961833, 298.2183525348184
593,307.0658631847509, 298.30968836244875
594,302.7772436146157, 298.3422242483576
595,305.5015480274469, 298.4079570922657
596,299.5074284261855, 298.3754060999238
597,299.79673186569926, 298.3715139033856
598,120.20797352875101, 296.5713957683623
599,301.6614578370626, 296.5831896254641
600,305.0467179064334, 296.62330395596626
601,300.56520055115664, 296.6399784792409
602,293.74873951263174, 296.6033054159608
603,295.9494568712558, 296.5993423619916
604,295.67072281629726, 296.5637248826633
605,297.1906212571598, 296.56156811380504
606,299.9366884118031, 296.5516855516293
607,303.48022574882276, 296.5381422517487
608,302.0378669368813, 296.52128371436794
609,303.4800381533775, 296.5649619758656
610,303.69331239692355, 296.6152379803628
611,304.12758110966394, 296.6534318612956
612,300.2248270930279, 296.627955919176
613,301.46888406335785, 296.6355478526106
614,304.56290709461484, 296.64382556114
615,300.20241456036234, 296.6082606722028
616,300.577203626373, 296.5898651894501
617,301.10610648581974, 296.56820712657975
618,301.52694664757496, 296.5353491124951
619,300.2355151951556, 296.5164133792967
620,301.3329120338044, 296.50485918209847
621,299.1485552925742, 296.45853712796526
622,301.1870872118957, 296.43438416674564
623,302.26686138794145, 296.4044793769678
624,304.7146304704126, 296.3967558297397
625,301.42151934867525, 296.40439680684847
626,302.5112166823772, 296.3765431457388
627,302.31141671743745, 296.41944292645144
628,304.17301521908547, 296.4771058035614
629,303.99368644430035, 296.57735983047775
630,297.9336381692075, 296.5597294660489
631,298.1604804921055, 296.5639621984316
632,303.6150753018108, 296.6286663532344
633,303.92801930554106, 296.6422436384586
634,302.0799202264414, 296.657468800111
635,303.3885116814878, 296.6617043358251
636,304.04976964479243, 296.6838512248464
637,304.6734562660914, 296.6992882479987
638,304.9175546782489, 296.6959479140368
639,306.33320783811666, 296.71339342255885
640,304.4554569438978, 296.7201365320422
641,300.90143555662183, 296.6925071734677
642,-1.6185695614430102, 293.6650087980038
643,302.1513900390131, 293.6455502942982
644,305.72987501304476, 293.7383082864073
645,-20.024613715279813, 290.5345290831656
646,104.58542493748482, 288.60144521469306
647,302.9049775108959, 288.6546196711001
648,305.9762852567692, 288.7096386678383
649,302.13399656140166, 288.7171745701066
650,303.87642279327736, 288.7430104375306
651,303.0350170202639, 288.7711379574672
652,302.5438820395692, 288.796203263533
653,305.9564854541532, 288.8266201449716
654,307.52331468829254, 288.8576077451346
655,303.2765273037394, 288.8495512111131
656,113.09379982200983, 286.93334420840966
657,303.2672103956261, 286.95511115511187
658,305.42720519642546, 287.0036981657684
659,304.43130379865016, 287.08387129146024
660,304.7769960293905, 287.1257751842759
661,306.3328833089998, 287.19400992859374
662,302.4922698139094, 287.2828219561336
663,302.08845584859097, 287.2717228527436
664,304.47887901895973, 287.2770760992813
665,305.3692332435423, 287.27536036374573
666,304.51082022531983, 287.2786017153043
667,303.4424925867846, 287.27121743913773
668,303.55624012666266, 287.27616344388355
669,302.8873677554407, 287.2526435847362
670,303.7615254185354, 287.2688326146937
671,305.99437173875606, 287.3163687508747
672,303.5470473085504, 287.33881887450406
673,305.6240613523831, 287.4210570985911
674,303.90241591385296, 287.4964140613067
675,301.48719303518624, 287.50826559192785
676,301.9267235039266, 288.6129200008929
677,302.26489812338593, 290.479109508058
678,301.7071964451736, 290.51816399192415
679,302.4321547097383, 290.5524284668167
680,298.4776449059418, 290.5164599691575
681,-66.08788712732866, 286.87243031164644
682,302.9681462563702, 286.9301783191315
683,301.8900151750156, 286.9415509242323
684,305.9258602585801, 286.9812453036814
685,302.75084407363005, 286.9934024798159
686,300.94497125323386, 286.9936593776891
687,305.29301551571615, 287.01071414807205
688,301.665264242745, 286.9993759243057
689,302.1158971756706, 287.0037692803144
690,301.3053171562324, 286.97630225133247
691,298.6702635938916, 286.92802037272935
692,303.1521213417731, 286.94772283718527
693,306.60744727278933, 286.9431386780657
694,303.4436950017775, 286.9498031919373
695,302.3163531427296, 286.9179512430901
696,303.71406305415616, 286.96001758936984
697,303.06314186005125, 286.9926816893133
698,301.8167137551518, 288.80876909157735
699,302.4968747396641, 288.81712326060335
700,301.1940087511546, 288.77859616905056
701,303.3634559643876, 288.80657872318284
702,297.72720643053896, 288.846363392362
703,301.643522206715, 288.90330404571654
704,299.0052435713514, 288.9366492532671
705,297.5436490210394, 288.9401795309059
706,303.7014466466242, 288.9778271132541
707,303.89422938410263, 288.9819671496069
708,302.58905398932325, 288.9874790201313
709,303.711080511657, 288.98978944371413
710,303.40840665489577, 288.98694038629384
711,303.8215226949573, 288.98387980214676
712,306.01876759293657, 289.04181920714586
713,306.89039114004726, 289.0960342779128
714,308.520102564073, 289.13560623260736
715,302.62971951892706, 289.159879282193
716,302.5034144793759, 289.179141390723
717,306.42843921686824, 289.2323647180334
718,307.45822638077595, 289.29167751536545
719,301.6217895106888, 289.30554025852075
720,303.1089577934553, 289.3233007161173
721,304.79119041275766, 289.37972706731915
722,300.87378910225686, 289.3765940862228
723,301.0710431339079, 289.36463590368237
724,302.3944125794, 289.34143372477234
725,300.3515336431849, 289.3307338677174
726,302.964753000372, 289.3352692308974
727,306.54171534497965, 289.37757221717277
728,303.173498769863, 289.36757705268053
729,300.21420411760016, 289.3297822294135
730,301.74074763779174, 289.36785332409937
731,82.76589662361138, 287.21390748541444
732,301.5772870852048, 287.1935296032484
733,303.01212289990116, 287.184370639192
734,301.394952448111, 287.1775209614087
735,-68.79220423664836, 283.4557138022273
736,300.87443088305054, 283.4239604146099
737,298.94130777797653, 283.36663892972877
738,301.6030861866806, 283.3334942448131
739,304.0703278892534, 283.31086544532445
740,306.4418062239174, 283.33072893812465
741,302.009494434667, 283.34180952690514
742,299.9687576439347, 286.3576827989589
743,300.92825726497534, 286.3454514712185
744,299.1456008510403, 286.27960872959846
745,300.75679131290525, 289.4874227798803
746,300.1738129600228, 291.4433066601057
747,301.5336233622081, 291.4295931186188
748,304.7696885249886, 291.41752715130104
749,303.3030590942319, 291.42921777662934
750,302.2778210246961, 291.41323175894354
751,302.178411350702, 291.4046657022479
752,304.4562708227744, 291.42378959008
753,303.0997004498443, 291.39522174003685
754,306.5784375557922, 291.3857729687119
755,303.4777788368578, 291.38778548404304
756,302.4584909604568, 293.28143239542754
757,304.7758599007772, 293.296518890479
758,302.13019140588847, 293.2635487525737
759,46.25806900454501, 290.68181640463257
760,303.64488583753655, 290.670495302714
761,304.12353365484404, 290.6484018061725
762,302.2908228405144, 290.6463873364385
763,305.0189191772788, 290.67569196972545
764,304.68044418362706, 290.6777076213721
765,303.44713366152615, 290.6584866255519
766,301.51368836379356, 290.62851530693666
767,301.7989173521241, 290.6120795545901
768,301.81987455357324, 290.59471589885914
769,302.22227605629524, 290.58806498186766
770,305.0418614773864, 290.6008683424562
771,306.8769625940719, 290.60969425100933
772,307.16014816249213, 290.6458252595488
773,306.87708248952265, 290.65835547092024
774,304.40082482278615, 290.66333956000955
775,307.895298992827, 290.7274206195859
776,305.92480174738967, 290.76740140202054
777,305.1623550641235, 290.79637597142795
778,307.83570195679556, 290.8576610265442
779,305.76071681815625, 290.89094664762837
780,306.3895507530293, 290.9700657060992
781,306.4929740940538, 294.69587431831303
782,303.0034153898192, 294.69622700964754
783,302.79707511560787, 294.70529760905345
784,302.325725269606, 294.6692962591637
785,303.9377580226654, 294.68116539865406
786,305.77627489421576, 294.7294784350638
787,309.3014174301633, 294.7695624542083
788,306.7830355071223, 294.82074016685215
789,305.9096559938052, 294.8586777550334
790,304.81799475932297, 294.8938045310644
791,308.5359264872484, 294.99246115999796
792,300.8594218040532, 294.96953416462077
793,306.59905252109917, 294.9694502171038
794,307.48592464478935, 295.00987251353394
795,303.572842019488, 295.02243740230153
796,303.0014984201968, 295.01531175596193
797,305.21939784120883, 295.0368743157735
798,307.87283889808, 295.0974355672028
799,307.471369723192, 295.1471805170381
800,307.2999256836667, 295.20823968636324
801,309.51804339754074, 295.26978556069474
802,305.0607725617304, 295.34312122200663
803,305.926699824786, 295.38595299818735
804,305.7567979342493, 295.4534685418164
805,116.59712903855643, 293.6440033419915
806,303.9665212835649, 293.64665408836095
807,307.5283498133749, 293.68299529265363
808,57.891278119990034, 291.2360175339603
809,307.0746614127021, 291.2696533429708
810,309.2213085102424, 291.3277823615242
811,308.96098599155135, 291.37917699449014
812,310.5059371311759, 291.42404868987256
813,307.98377627506045, 291.43498254122267
814,303.60609840356767, 291.38584249961764
815,302.5290743522346, 291.3848360479507
816,301.5179847022525, 291.3749817501795
817,303.4676150111664, 291.34537350812246
818,303.87790972104875, 291.30957034152516
819,300.281344196312, 291.29616588838144
820,299.1280054817826, 291.2563563652647
821,295.6744977502827, 291.1651894386399
822,298.3302673645499, 291.1397542212628
823,302.5228210713528, 291.1542720006373
824,301.13821719126094, 291.1417100467559
825,304.2134994723223, 291.18032970504726
826,301.5925109323291, 291.1666072843669
827,303.6344181062493, 291.13753431197955
828,300.4536583937138, 291.1103359082181
829,306.68236744682673, 291.1750175415103
830,118.28807920786406, 289.340490857211
831,302.9310363589675, 291.5421422545646
832,304.9196301835253, 291.5755656855478
833,306.0368796244973, 291.60581325279384
834,304.9435450180916, 291.6412991784936
835,301.903149490405, 295.34825271576415
836,302.47043557970136, 295.36421276273063
837,303.87702956432213, 295.41356998059405
838,305.1517772608736, 295.449056891336
839,308.7281363343168, 295.4956349757867
840,-63.97453512576781, 291.79147156228987
841,307.78994106510544, 291.8492760285942
842,303.79414739946316, 291.88752992614945
843,307.8318142395627, 291.95656549589535
844,307.5430424658941, 292.04053991204387
845,304.3332688741508, 292.0763046876563
846,308.1452149401242, 292.15601870745735
847,305.9000864484086, 292.19968333831935
848,303.35734880213835, 292.18555994109084
849,303.97035085552125, 292.19223285870373
850,308.2626138137634, 292.25208078659443
851,305.45925291711006, 292.2848892022585
852,306.97912275605177, 292.31011772159127
853,307.7072925216824, 292.3561936423096
854,307.34803975341475, 292.36388966428586
855,310.7618160771548, 292.43673003668886
856,309.1050079542453, 292.50319520662674
857,306.5741106595565, 292.52117771421456
858,307.43455237083356, 292.574221323864
859,309.0760179030326, 295.20240081284885
860,305.6509925966383, 295.2224618804398
861,305.97918370360605, 295.24101838092747
862,308.24887809846916, 295.30059893350705
863,302.54770437028554, 295.2758867854371
864,308.5941705744659, 295.3150240493455
865,304.7672844136798, 295.328225556867
866,309.1808348516728, 295.4048970217458
867,311.90572146182603, 295.50596506284285
868,307.38688525473844, 295.56163516985447
869,308.1671419146146, 295.62108382843763
870,19.93647633948555, 292.7700299770587
871,307.3907839628824, 292.7751681907468
872,305.1833117590132, 292.755399826712
873,307.9859997878542, 292.7664889996953
874,96.78044560229034, 290.6902852074904
875,307.44190766898646, 290.685751294252
876,306.0810131136148, 290.68731340791425
877,309.12549721167557, 290.7269448293897
878,309.11870031243143, 290.7397748129461
879,183.73330612238783, 289.5195007059884
880,306.5380635985962, 289.5209858344441
881,308.71601306720146, 289.5432162241756
882,304.10814854867635, 289.5542635557641
883,19.509671905573995, 286.72138952366373
884,307.1999009996664, 286.77013128096434
885,309.0126292183442, 286.82087999292116
886,307.2731309119847, 286.83584855309886
887,307.68604498342864, 286.8196948286315
888,307.4885354804613, 286.82674982836494
889,307.3001133841912, 286.84065440226874
890,308.83991044708733, 286.8808735591464
891,306.1429146804772, 286.85694344107867
892,305.73282502495914, 286.90567747328777
893,306.42238958976736, 286.9039108439745
894,305.00958385427504, 286.8791474360693
895,287.649315080774, 286.71991216668215
896,303.590777211679, 286.725804954597
897,42.34676666775084, 284.0970786428624
898,306.0986076058505, 284.0793363299401
899,305.4141834933802, 284.058764467642
900,304.57097252372984, 284.03147493604257
901,303.8914388849492, 283.9752088909167
902,303.2025407075255, 283.9566265723746
903,305.64763358140226, 283.95383590994084
904,306.77858465841143, 283.96405377718247
905,308.4702199273718, 285.8827846860706
906,307.55176536710576, 285.91863712690594
907,51.2883051892922, 283.3562366806652
908,308.2526865979039, 285.85985076544426
909,306.96352932524746, 285.8587394445698
910,303.39316260174286, 285.8004579854848
911,303.2793354092992, 285.74364147966224
912,302.3109974613481, 285.66169208296395
913,304.4068771916856, 285.6259230921303
914,307.69901199796425, 285.6668522280742
915,304.3194698090845, 285.6847561826427
916,305.218037903717, 285.7217567146573
917,308.13844509147214, 285.76846501546044
918,302.818514583698, 285.7578710640869
919,300.87309535678145, 285.7637885756916
920,302.20834089764014, 285.7945919298502
921,304.1985819446238, 285.8798327717936
922,304.0428898015528, 285.9369589961636
923,307.8343239367515, 285.9900740248176
924,309.9468569677817, 286.0781604225828
925,125.96606452832617, 284.2956860731428
926,300.64972476160534, 284.2862582114356
927,-10.161602994790613, 281.1482980004252
928,305.94287008308356, 281.20319011731885
929,301.7792937465451, 281.15415938031606
930,304.75827596343873, 283.01886134787185
931,305.11809290390926, 283.0407319133212
932,307.56113620109755, 283.06714697349696
933,308.1254151862271, 283.08803232911424
934,307.1559078560011, 283.11015595749336
935,307.66639329297493, 283.16778839551904
936,304.0978063978541, 283.1840621037005
937,308.218560709813, 283.2274774151555
938,308.0996764103253, 283.25695640665
939,306.3799443136859, 283.2334744864437
940,301.7236631814575, 286.8904564695159
941,306.4333995904121, 286.876891054769
942,306.1071759226361, 286.9000213400007
943,309.2020920408206, 286.91372411801325
944,311.8303586884519, 286.9565972802389
945,310.4285124842211, 287.01754971633954
946,309.3419217534523, 287.0295167844729
947,308.95034114164105, 287.0600193314052
948,309.37284625274873, 287.1201743059113
949,305.88301639792434, 287.1393009613354
950,308.8752689025069, 287.14542751222274
951,303.7906432011287, 287.12874141506296
952,296.6282747678417, 287.02523293518084
953,304.7330580559839, 286.99549059052384
954,307.34298145892745, 286.995440007579
955,309.4972419467692, 286.98279426627516
956,305.40429366970756, 286.9457871234298
957,306.3482894564594, 286.9435289113988
958,132.58012420182857, 285.19498462970876
959,308.289439778032, 285.18711884845874
960,305.7401599401887, 285.1880105218942
961,306.6674571543452, 285.19489325640166
962,304.94395614805495, 285.1618440368975
963,306.0914207109862, 285.1972812003045
964,305.1620838156889, 285.1629603327167
965,80.23400646213142, 282.9176275532012
966,305.6461212794523, 282.882280417479
967,311.30459414030645, 282.87626914426386
968,-58.019382582660135, 279.2222064658899
969,305.6439642254466, 279.1969746889982
970,306.6660241424609, 282.064270167028
971,307.73171041650124, 282.06767943156416
972,309.15776027576135, 282.10742391673165
973,306.7087058672492, 282.09465097752553
974,306.89907513225984, 284.1958372728252
975,306.7110094466002, 284.18852829060137
976,305.5834504582138, 284.18355266404734
977,305.7912950808354, 284.15021064273895
978,306.54191375813343, 284.124442777196
979,304.29216118278083, 285.33003132779993
980,309.2040496970472, 285.35669118878445
981,307.5074026028046, 285.3446050841405
982,305.3114727634011, 285.35663832628774
983,307.9896921197461, 288.24143852842946
984,310.2451283748377, 288.2718908021812
985,307.9480345818064, 288.26124485581573
986,308.8967530729407, 288.2774810774253
987,308.0651411319533, 288.2812720389106
988,309.1275989533365, 288.2976626736393
989,307.745298289076, 288.30211452268816
990,308.28336423523973, 288.29654906056965
991,309.84673675916474, 288.3335872813566
992,308.8106672460646, 288.3643657035676
993,307.49426522720313, 288.375084459942
994,307.19454592092006, 288.3969340806085
995,306.7778233521772, 288.5882191633225
996,306.7401231285498, 288.6197126224912
997,305.2945485754068, 291.24919044156775
998,302.7741169467915, 291.2159455349772
999,305.35963229316104, 291.215400022975